## RankNet
## Epochs = 50
## No. of features = 136
## No. of hidden layers = 1
## Layer 1: 5 neurons
1 2 3 4 5 6 7 8 9 10 11 12 13 14 15 16 17 18 19 20 21 22 23 24 25 26 27 28 29 30 31 32 33 34 35 36 37 38 39 40 41 42 43 44 45 46 47 48 49 50 51 52 53 54 55 56 57 58 59 60 61 62 63 64 65 66 67 68 69 70 71 72 73 74 75 76 77 78 79 80 81 82 83 84 85 86 87 88 89 90 91 92 93 94 95 96 97 98 99 100 101 102 103 104 105 106 107 108 109 110 111 112 113 114 115 116 117 118 119 120 121 122 123 124 125 126 127 128 129 130 131 132 133 134 135 136
1
5
0 0 0.46576930571398817 -1.9949777234765402 -0.212457057209401 0.19415516411295572 -1.4333792748377183
0 1 0.31163146492237986 -2.2681216283954386 -0.1196508378402157 0.1742336532077914 -1.431567511771397
0 2 1.1334478088592617 -6.359101945474565 -0.5721842528303718 0.6238537160030295 -4.299107978620105
0 3 0.6922924314680957 -3.4869038644848667 -0.22032950314091312 0.22956618890100047 -2.3569577106449016
0 4 0.34986257940132837 -2.3186117513107587 -0.1267607926429679 0.2955687015355981 -1.3780772133221315
0 5 0.20283019430881682 -0.9426370174012135 -0.015682326832384696 0.036083647341392175 -0.6529043264097352
0 6 0.17065776430466328 -1.0116507371302268 -0.14062684969252126 0.141532245436125 -0.7444228707840658
0 7 0.5727817185359824 -2.8793665437187768 -0.265715618763857 0.18780947720089122 -1.9297598011293335
0 8 0.4093138904875453 -1.8515610037736498 -0.17794437147175954 0.22090114762109558 -1.155957178397363
0 9 0.10143871168771706 -1.0308840416394949 -0.001642923317142529 0.1321590138155998 -0.6306820998096561
0 10 -308.0924421358204 1546.5880681433523 96.49971272791326 -147.70251116520188 1024.6570977169572
0 11 0.7854447195039986 -4.929421002499947 -1.085478815711235 0.016425551743535202 -3.0324762434109633
0 12 -3.715662660867126 18.255983576759203 1.1598097479803737 -1.3361901040848099 13.182544499329426
0 13 0.2723844256410382 -1.2704623004937246 0.13559279127047286 0.04844435237378593 -0.7210728861643586
0 14 -310.85387004220524 1558.7752864007477 96.5707040147715 -149.10726320680504 1033.8877738569684
0 15 0.02983287392679092 0.05914402234437088 0.10217173052695619 -0.026296184338362096 0.11534512718178391
0 16 -0.04187612652660344 0.14129631980310542 0.12601438550248556 -0.009783421835613848 0.3771500403653912
0 17 -0.056943273535322136 0.25009726830329737 0.10964099823612605 0.07719470257997874 0.2692169904315354
0 18 0.029455233238963048 0.2510444632752844 0.13336848149590938 0.05576844971708392 0.3883551930807803
0 19 0.0565243005351552 0.13437092057423577 -0.016633860771522645 0.014353788006447153 0.1124169836786068
0 20 16.02838274183798 -93.64069992175412 -10.310002517352736 8.069634874914096 -61.45844914301901
0 21 0.8162476117697403 -4.307267079522 -0.46764216685032445 0.43630852899453415 -2.8418424169022933
0 22 1.48877987505969 -8.240095284922557 -0.8348079135076919 0.7939969980098405 -5.435294219970699
0 23 0.730456996247237 -3.805229134624966 -0.3583588535468196 0.2843917114197785 -2.5242707342233044
0 24 19.036334828075127 -109.82167506773096 -11.84081598039134 9.621510921695132 -72.2686312044445
0 25 8.90673632078234 -48.147604990683426 -5.0930970022227875 4.610252906990691 -31.968431966662735
0 26 0.37946075801618784 -1.851040746186721 -0.20521905434298837 0.2850770581991305 -1.2755965404554301
0 27 0.8348690751139919 -3.9955506716435627 -0.3936026819225162 0.444207258065172 -2.7368953715207662
0 28 0.20080502739683903 -1.5981689713108937 -0.17859174331577807 0.09680713005874893 -1.1142414137184553
0 29 10.297848065278982 -56.24139989347987 -5.703474766695707 5.564902892555754 -37.43872141807557
0 30 8.41072528087628 -50.24189354046791 -5.48735602640306 4.1887150378216855 -32.852552488524516
0 31 0.39707198633523366 -2.553617866818964 -0.2134257028550082 0.20787587005050956 -1.581367807355122
0 32 0.6583359903593411 -3.496035556629754 -0.3932694770783901 0.30885955609265986 -2.19611160995364
0 33 0.3530634932925628 -2.369985890231326 -0.19768289816557363 0.148007251184176 -1.4639293970445406
0 34 9.731578005519184 -57.80630127742412 -6.192712606536535 4.964515394772513 -37.894225416312985
0 35 9.025786513977124 -50.93984420146051 -5.505147360869564 4.6349577685508745 -33.67305881758998
0 36 0.48278220563529606 -2.2678227151966777 -0.28321162289720747 0.16686266406346667 -1.4413259737627788
0 37 0.8048693770730261 -3.8593791786455958 -0.3189839994340576 0.39572874060629987 -2.6014766722335554
0 38 0.2692040997048121 -2.020768847789535 -0.220957267011564 0.1415743031575868 -1.271408320741561
0 39 10.53462002508617 -59.083049387066104 -6.183570842574352 5.5047714638982175 -39.26641304278782
0 40 -121.21386175243444 401.297749166396 15.466780777153787 -29.269325509632527 328.827842585015
0 41 -0.04084183032786198 -0.13445546639497 -0.015159096667758111 -0.07760378874463592 0.05889852691396152
0 42 -4.328286952797446 30.749304335661957 0.37575844859223967 -2.4297088194095724 29.525585885128912
0 43 -0.031014493292057504 -0.17679573361225334 -0.008626505388149002 -0.046269157854095015 -0.1274284036929183
0 44 -139.05069059139117 511.90715089814927 17.111197157775695 -37.4801881340761 433.42188605772475
0 45 0.10980897952395433 -0.21511763282496973 0.05850797656174772 -0.0772309462237906 -0.053336871763094484
0 46 0.13090391644728785 -0.8547445251797708 -0.03506471508320939 0.07845447136558076 -0.43352851575697376
0 47 0.1882610371378561 -1.4391546113961913 -0.17984714282656472 0.20977011309067672 -0.8671747893323446
0 48 0.17484323120144402 -0.4250940236030927 0.06037732469400377 0.007531587552981191 -0.4020088832758347
0 49 0.15141728417450478 -0.3458161103052464 0.01785317371084041 0.08358041288542768 -0.23381026478310205
0 50 0.007668421765672707 -0.09312788481401131 -0.011969752761744763 0.0800809115762736 -0.008042992108491057
0 51 0.11761190812243039 -0.3568285710467795 -0.09031464968272301 0.0551545786539767 -0.2081314028070031
0 52 0.08878064341247524 -0.6219082235784502 -0.0014318409104880898 0.1301610427625565 -0.5039610689399698
0 53 -0.014592986227257541 -0.2942757327264776 0.011012370134163344 0.07914958039376042 -0.08621912612694634
0 54 -0.010100220330759743 -0.22992811308448566 -0.01867212498972873 0.08900317277872895 -0.02367441377995658
0 55 0.11934189978675061 -0.1929661151665009 -0.04347513460091124 -0.016706549000045173 -0.08186846576606305
0 56 0.11980302186728134 -0.4595477403953241 -0.09553933829825033 0.042824630297740564 -0.40841686641940544
0 57 0.06664237652295722 -0.733661762508277 -0.1348630252490711 0.07854539573811617 -0.3672965557592046
0 58 -0.030271021321877232 -0.2816229303168997 0.040083486240205426 0.002210817412685639 -0.1736991283088326
0 59 -0.04038343621656488 -0.22701211256056922 0.05867301829703249 -0.03172381412972979 -0.031503441186754626
0 60 0.11643913886112572 -0.19161575634011904 -0.07101476025221898 9.541612349411228E-4 -0.17144711018285322
0 61 0.07277437392060448 -0.5065742705293537 0.03220670135179704 0.0781447605815362 -0.2179279811064688
0 62 0.1694126588083571 -0.7469640498661613 -0.13031174582951965 0.038056459445520316 -0.4235977050218621
0 63 0.08990425543629074 -0.25146386226554257 -0.10202075054262891 -0.015345265557999942 -0.2297009487388337
0 64 0.11832469369068845 -0.05149061858219229 0.06479925963086786 0.030446670996768996 -0.13524461654351366
0 65 0.028707741206828646 -0.07605716312514106 -0.08905923221829332 -0.020710902957158717 -0.037826696586708036
0 66 -0.0755261018982519 -0.0425434325907854 -0.06146147007209225 0.081806956379747 -0.09848388242122001
0 67 0.05147824337992256 -0.07024648580573918 0.04547643223084868 -0.02338652281462254 0.08878463788296648
0 68 0.062362950894113374 -0.010502837678799677 0.06851408736170414 0.06728339813048258 0.04540532047021647
0 69 -0.08044647827850145 -0.07022808876585107 -0.09410561373434548 0.0886211034283562 0.001686144006971372
0 70 63.19720831926931 -358.74718809387724 -40.28442714087191 30.051930327535377 -232.40990151162464
0 71 6.366822654164183 -35.66613253737415 -3.824747578475274 3.338198358289523 -23.530000521274566
0 72 11.307688082953621 -58.74745798562896 -5.6762240993838455 5.590864439191339 -38.14475358102238
0 73 6.105293404024584 -32.52223299224711 -2.6231499475451554 2.854753892653576 -21.521612673510703
0 74 74.2539672179778 -418.5834534464538 -46.105502589921606 35.818788391762936 -271.4790770913926
0 75 31.49329923621748 -176.44651445752461 -18.48419798221731 14.937621453667036 -114.94692395252983
0 76 2.981643356975831 -16.032913169901633 -1.5959354774915315 1.6108809204321646 -10.835539397994237
0 77 5.092294459910407 -26.676894393930798 -2.2402966658958743 2.6355788392555444 -18.188097772033807
0 78 2.4293468187142335 -13.031069164084519 -1.1251414831804358 1.2298818366152675 -8.740422153061656
0 79 36.816827449690514 -204.22709779973474 -21.1524551806813 17.545431575709877 -133.71334006205055
0 80 40.21517708043737 -234.05457647388843 -26.31876236540283 18.787824837081487 -150.8396393787105
0 81 4.081701111528009 -22.893211861582998 -2.3688808973720192 2.0855346152799883 -15.093303089896082
0 82 5.6461415740347904 -29.779843712993408 -2.8847189581571553 3.159784730386831 -18.925165329786246
0 83 4.08865968874889 -21.253274191823035 -1.6690907258938965 1.9392354782757508 -14.001214636309475
0 84 46.872198553219086 -270.52679890641576 -30.1330583637453 22.391849822983072 -174.41679652876027
0 85 36.969602349446774 -208.55835090076886 -22.72218559649026 17.528413172555943 -135.2102756489023
0 86 3.5669641428464054 -19.749168581920856 -2.1054912372056243 1.8952389904268985 -13.13555495115456
0 87 5.630430273314947 -29.27220769043996 -2.5670038931133385 2.9186683859461904 -19.31609199222882
0 88 3.1296396946374343 -17.117375920536844 -1.4437330143426006 1.5448469383590513 -11.378763478079934
0 89 43.052388018701556 -241.33017541747995 -25.763374963222955 20.774328265633784 -156.94804914364335
0 90 -1958.1811687981933 5947.985698625023 351.3488496000629 -485.88311488947073 5410.4476744722415
0 91 2.677527493465419 -20.466448015650137 -8.369839928665868 1.728136375620125 -7.95281282620037
0 92 -129.0963092823489 1716.2891654289922 29.42351839266997 -111.21942021242994 1641.1377777140308
0 93 3.1780190894384717 -16.814303255250987 -1.5354749673543138 1.579472963255442 -10.50040988931904
0 94 -1926.178116973838 7422.904125105016 332.7129583982957 -519.2211124600509 6921.017352879619
0 95 0.2613047804632503 -1.303711327105999 -0.19153523230461292 0.1704922791251011 -0.7871767870108726
0 96 0.1793638013233251 -0.9562763178366683 -0.16449256663749348 0.11241542137923756 -0.5894511241012867
0 97 0.5603038947536875 -3.017888623210818 -0.22206542643395769 0.23173617598976426 -2.0879393977517435
0 98 0.28901974913265704 -1.3784192511940923 -0.1593096159416661 0.09386959874651513 -1.0491238130315648
0 99 0.28834397017802066 -1.2858305081509975 -0.15733938481556767 0.23516567239804703 -0.8815880042586053
0 100 0.24972082100774315 -0.891948177263134 -0.010297653619864032 0.09925992367262601 -0.6231173335483269
0 101 0.28397990166806775 -1.200090404820959 -0.09932565966075306 0.12951936027644992 -0.7607820797326451
0 102 0.47171652752704324 -2.561687942192849 -0.18661130977157617 0.19318166969905082 -1.8230343389568893
0 103 0.3572479036439841 -1.8552274195849787 -0.17653908461469572 0.15623021077464316 -1.2061973958865904
0 104 0.2720387056633896 -1.0435897133986585 -0.08961872854112964 0.10839993958786945 -0.6256075567434394
0 105 8.80175489929412 -47.17996831942608 -4.14548305084636 4.371983253597982 -30.933894819988172
0 106 3.6852969472226285 -20.13849850356087 -1.7217954453484727 1.9697602828925276 -13.369255117426139
0 107 11.251183860308346 -59.07321097247355 -5.1765724427321445 5.443446994045754 -39.12215609463436
0 108 6.013728182870714 -31.812172038642856 -2.5242376286170045 2.6867384054743253 -21.088337475865135
0 109 9.69101050538686 -51.519383455280455 -4.623723243297689 4.935680352563106 -33.91630740606054
0 110 4.834209153547417 -26.1107739061547 -2.190686827451488 2.3822388410320876 -17.5855027660362
0 111 1.618459929372326 -9.808591534541696 -0.9422165015142457 0.9452502058515979 -6.5387451129069305
0 112 5.933857565978649 -31.876148810509502 -2.829061218589384 2.6989020228327614 -21.367978462613813
0 113 2.6266325871208784 -14.376288029898266 -1.1780984509912529 1.1690021076474142 -9.738091249550676
0 114 5.4731876425494805 -28.612273216037718 -2.506122058506452 2.6264329768842147 -19.189587197007864
0 115 3.043230439407454 -16.67079281393515 -1.4576359294196874 1.4967703680782334 -11.301593358694735
0 116 0.43748424295556526 -3.193080204506714 -0.41585902442857975 0.3338139234922207 -2.339629094777712
0 117 1.8652998013382214 -9.827066925533966 -0.9281811967295162 0.6974173125781742 -6.658809062755177
0 118 1.024649618496179 -6.129251967155976 -0.5479878435569724 0.4531260424361629 -4.1581715503620345
0 119 3.4523295506130185 -18.246878028281373 -1.5774887024782824 1.6663065429791515 -12.19455520506176
0 120 4.679351016725012 -24.99728707705177 -2.020499655976579 2.1100421806945278 -16.85921222662802
0 121 2.0162763078550654 -11.742569254359594 -1.1129334710585523 1.1253950819193441 -7.887753144263706
0 122 7.958249025902997 -42.20874731653269 -3.694962308423083 3.6702134985123673 -28.071059138478173
0 123 3.337357664086008 -18.747099010099294 -1.533175621904121 1.4754651368488125 -12.532309451461298
0 124 5.250928159243943 -27.491132876595074 -2.346201574545118 2.5443751323989434 -18.447038240626444
0 125 0.04430047560393332 0.1785256747489124 -0.07521616253393033 0.037360297784504795 0.19119350660110604
0 126 1.342810119129757 -9.003364989117067 -0.2444541233144221 0.7625508984552054 -6.067851008469244
0 127 120996.66283771563 -151674.00697219072 149999.40922152612 -77655.05023900922 -304372.2364215146
0 128 6.1071547238892165 -30.613421079073678 -3.0478503280530815 2.8900592118755246 -20.624853368137504
0 129 6743.953829533101 -27629.88923680464 -2270.8003866651925 2763.514450415373 -19748.966484709592
0 130 7305.449092034658 -32939.09997786531 -1857.6979741211853 3056.210461422509 -22306.71317786232
0 131 -6.533027883148253 28.332549136259463 2.273001576574297 -2.326988345384421 20.57080309774633
0 132 -19.287614754849795 85.74304128722531 5.935858499254496 -11.900551332625131 58.49689515823885
0 133 1601.5247641488033 -21704.970922329245 1292.9480094160472 -9.315901202187264 -16505.862471774577
0 134 -1981.284863959753 4927.940295551095 -291.20864874685793 -609.8334560946171 4104.670106525434
0 135 103315.85975755348 -298892.1755084379 -14328.509204715647 -110212.47581785535 -196853.26059921668
0 136 0.048024855272640825 -0.018635621851941744 -0.07468600102202723 0.06759623892083381 -0.012591355577036847 0.009307323060485371
1 0 0.0055443105324858
1 1 -0.11717951722151206
1 2 0.1953984805818171
1 3 -0.14598581282871353
1 4 -0.06764018069220065
