## RankNet
## Epochs = 100
## No. of features = 136
## No. of hidden layers = 2
## Layer 1: 25 neurons
## Layer 2: 25 neurons
1 2 3 4 5 6 7 8 9 10 11 12 13 14 15 16 17 18 19 20 21 22 23 24 25 26 27 28 29 30 31 32 33 34 35 36 37 38 39 40 41 42 43 44 45 46 47 48 49 50 51 52 53 54 55 56 57 58 59 60 61 62 63 64 65 66 67 68 69 70 71 72 73 74 75 76 77 78 79 80 81 82 83 84 85 86 87 88 89 90 91 92 93 94 95 96 97 98 99 100 101 102 103 104 105 106 107 108 109 110 111 112 113 114 115 116 117 118 119 120 121 122 123 124 125 126 127 128 129 130 131 132 133 134 135 136
2
25
25
0 0 0.06541863098086888 -0.056047904845973 0.033046281869517656 -0.09136636849660738 0.02070246410177908 0.051105154155591886 -0.05118569208581656 -0.06836829179385662 -0.05253195138562252 -0.04642651635651984 -0.02639274542772034 0.07144046477731483 0.02498102028993408 -0.03131177305295163 -0.08158600322725587 -0.0132177870288282 -0.04001857444807873 0.08548435685547456 0.09243713924267997 0.07383439560343019 0.05114277087620008 -0.014857252893596394 0.0788566883860181 -0.005471293774310075 0.09293929184553397
0 1 0.06284342110056396 -0.011014461759598367 -0.08697021981880601 -0.034184213433673775 0.06101891324833134 -0.04359048384726111 -0.09490382186356881 0.02251927336255468 -0.00582970489579372 0.0973807634338388 0.014935548827671853 -0.0050001239072448595 0.014675506527539288 -0.03736177990344546 -0.02051269097571351 -0.0261516392844544 0.032958724570176935 0.09773700954004264 0.015118417663858767 -0.014362502644799524 0.06316357844206506 0.037161054338433856 -0.03934772892176679 0.011819697267149706 0.06943143329171304
0 2 -0.09351344034878767 -0.046798431882370754 -0.08579783866997312 -0.08747250659214945 0.005798488014996212 0.022844044340711855 -0.06456699705613332 -0.06073781945347862 -0.12304356470708677 0.0643525825366698 -0.09127121897048882 0.06388454901092447 -0.08919328689745067 -0.03801278997531891 -0.0888404919983388 -0.009647995943087581 -0.08366026468774952 0.006537717724498348 -0.03796017997201983 0.08781642945885734 0.051278904295728824 -0.06445157904230017 -0.018306917961215415 0.029779097791023855 -0.09045814818681158
0 3 0.01120935013638884 -0.10005350773454012 -0.013980375196117655 -0.01527571974212386 -0.07008935944323073 0.041324677310821144 -0.07754708709787846 0.024026222175963268 -0.08070640132294243 0.08901916507738594 0.08233376766380351 -0.01233108135109965 0.0790451819468973 0.012765181745025066 0.06402633570390973 0.02010750959140559 -0.030926800521463554 -0.0347458810450474 0.066902682467885 -0.038932782449883754 0.07214831954871394 -0.014497475353236998 0.0597303652141402 0.07574693101639776 0.07163423620107613
0 4 -0.08509172025795152 -0.08221402703963852 0.09814879051885851 -0.06736139772769109 -0.04807058840745464 0.017223122390757253 -0.06661542708543243 0.031532169886097125 -0.0908477006962374 -0.03537982898297253 0.010085827617935559 -0.03961310728256786 0.01729251201407147 -0.09902774302266902 -0.0556567692171762 -0.05295218281833957 -0.09704829677404077 0.10000786137236067 -0.004313173212736645 0.024127629383423867 -0.003389840227514459 0.035669854065117544 0.06652356359532555 0.08739315503018402 0.09397010949705364
0 5 -0.0040529134344272945 0.03395547168052448 0.025548140053772712 -0.07888009297382981 -0.09517948914388036 0.003682877898332976 0.030766521963110822 -0.036309506751231096 -0.048316776991131405 0.07978409420025935 -0.04808498394761154 0.09415671160535842 -0.041209028231773116 0.06808755104971505 0.026372466216731415 -0.06662093461662877 0.0546172768375373 -0.08948229068040423 0.043669614833037385 -4.383869300330529E-4 0.062317203292236285 0.05826495739184715 0.03820385146772898 0.030099600555194662 -0.01743034632439916
0 6 -0.024394553566942603 0.08670298902747801 0.06673914968807271 -0.02288052630005276 -0.021180957207167537 0.008102660879787348 0.008134571014445648 -0.06359830513713265 0.05257902521945617 9.670933789593375E-4 0.07013615623576443 0.007222312426039166 -0.016482481397061374 -0.05630787875099008 0.010333397874914153 -0.05705537652926065 0.015137045053632744 -0.03850717345947635 0.07182306338668289 0.04482579582511444 0.06032221991971931 0.08499309813927573 -0.054152382355202325 0.06327562095833293 0.023195988258089172
0 7 0.006199022113699428 -0.025660510149025286 -0.07148683556098631 0.039914368486956196 -0.07914159479998448 -0.09122135438589564 -0.047153800150747514 0.06234850907700745 -0.05774637231581416 0.09978413104729605 0.012714872036092761 -0.034869621160587574 0.051077580618983494 0.0461614343505277 -0.04199094380417461 -0.025243053028359295 -0.07292136658346361 0.015411781344650603 0.036014369609750345 0.09004617030202579 -0.049552584532811715 -0.030220968869447844 0.0408235919623157 0.09386220262945431 0.04379183411344452
0 8 0.0662782775437708 -0.09197513283682998 0.08557796835338016 0.04133476110589573 -0.0496811897561519 -0.08753474905584176 0.02569745374062569 -0.03917797514586891 -0.09754744333347014 -0.04734535187113971 0.04106554918955176 0.006136301705836487 -0.016637237397623995 -0.07622153078278363 0.07254146398382896 0.033819528308144525 0.036555498193361555 0.09163076609025538 0.05770130283195113 0.08323634018651879 0.07165103932741268 -0.08656877460642493 0.0011332812930823992 -0.0538303216639316 -0.08314649927145008
0 9 -0.039574071549868806 -0.06345787294130088 -0.008197509886711472 -0.09103102441650072 -0.0825244114737188 -0.038468706870111 -0.0768569516564907 -0.0531717086245764 -0.006723440299021268 0.04628819428395137 0.08954166428450192 -0.09737002108947472 0.029767870562340742 -0.04330025458741321 -0.06311438203930413 0.09871639109314674 -0.04096678936287895 0.08913745259008665 -0.06522685462976197 -0.05150908523488942 0.0857729831668098 -0.018451854468541175 0.006218027330188186 -0.0025614243573521627 0.015522810938213186
0 10 1.7689888936029787 1.4384319298324812 1.2500590541817467 -1.9178535363355258 3.1235063283739772 1.912875446937745 1.2728915035691626 -1.8272219116973658 8.59540554575449 -2.0009579205494834 1.1908642589510903 6.053432151901898 0.6509785440500435 2.401182189661536 -1.833827584589551 -0.8945269065621277 2.751390601324288 -0.9640763850602415 -1.6048244512779908 0.2843699439053381 -3.1422438406150923 3.403064864823962 -0.8060160893872574 2.062458626710748 -1.030240176391123
0 11 0.015399333540586292 -0.06764726034619141 0.06374833866740791 -0.032365928536595256 0.08292831962965798 0.0777637415978115 -0.08522541787274712 0.02963602432322821 0.006478964417698365 -0.02062292495201388 0.0808539799896238 -0.0911942652981667 0.022413501196799235 -0.04396407947516775 -0.06487411735586007 -0.02497606014788151 0.04455878301462454 -0.0595643168695515 -0.0665525310681427 -0.07636582973181436 0.09874089147002046 0.035308935380213964 0.03253963223624339 -0.07075614693937274 -0.00467088011527115
0 12 0.037220255774854875 -0.054868510906022655 0.1013549064685281 0.07297313232912683 0.058301238897972056 -0.005289212840325239 -0.08145293702856156 -0.07270876973324551 0.06359409488732179 -0.10382887406913738 -0.06114516952295523 0.14558125480942977 0.05841679989811191 -0.05124795958893492 0.01009473449895136 -0.07915839191015964 -0.03758334776927206 -0.04352172581147339 -0.08158286789738883 0.06801543250520369 -0.09841543902701572 0.07833885219738057 -0.015770367631604634 0.015941225479625433 0.08188027709683872
0 13 0.04387096039899279 -0.0795744824858476 -0.10004812970782095 0.009540500125340627 -0.033766566382516905 -0.03170281738679714 0.08644897872539335 -0.07120223542554083 -0.09199959834528779 -0.018733712926217772 0.0670998666834605 -0.0025322590671735153 0.038399085891246965 0.0341182972359558 -0.0031335251151357476 6.018907247029809E-5 -0.019459211606521254 0.0734725865813937 -0.09083918785104682 0.0240327041556816 0.05129458744619627 -0.03866559260274571 0.08511087021709715 0.003293437306760252 0.05171939630080685
0 14 1.8254518481922548 1.2930889673315378 1.3071600773791987 -1.8666379141580218 3.1432326878440904 2.018348341076183 1.2748487145480805 -1.7571727479143788 8.556952204271179 -1.8799122088838107 1.3148059219911312 6.12856898721624 0.7392258930300208 2.4340017720106704 -1.9505916871294944 -0.9413204648193729 2.654474139215399 -0.8889535665859136 -1.4990870079520082 0.24620050108644168 -3.135984628078783 3.392370799506274 -0.9012366677160918 1.8931143629824356 -0.8940127934246754
0 15 -0.025405097838233595 0.06707461917398579 -0.06496501852001968 -0.07416665984888213 0.04982618939831683 0.09247566578879378 0.040701876543406984 0.07404130873643526 -0.011617412259056032 0.08283460764702534 0.028040450706856044 -0.08088885170094934 -0.0696724197975898 0.08350499933862657 0.038028344787225665 0.08234124776579668 0.03262093231639163 -0.033276118526087424 -0.08640093696916881 0.06030748710714885 0.04695025121209692 0.0824295503826907 -0.01816728194274737 -0.034897947129374676 -0.06432337639254326
0 16 0.03413387078255737 -0.04864854529807427 0.07869984732875401 -0.012382308765209127 0.08659219430634285 -0.05427652918228253 -0.011024558491166092 -0.015487075209556268 0.06139298058940022 0.010741327139038867 -0.08205537982091479 0.08089335738396043 0.05094710549356792 0.07453194890025867 0.08036300710961124 0.08254349355116447 -0.0826895170303545 -0.07161307788924637 -0.055103584512078044 0.05336918929016299 0.010665669259178326 0.013021741144186375 0.02477364285521196 0.03511056067384803 0.01638550927087112
0 17 -0.029055616860931433 0.06869330889523499 -0.03405110963396637 -0.033102006903714606 -0.03161503485629457 0.0703795369107567 -0.08468796686860389 0.03138061967268421 0.08079444916647527 0.02295976497481361 -0.009207107225046413 -0.07078606961458522 -0.009661095133463053 0.07289971722528517 -0.08654381146463942 -0.038856226028270574 -0.06698748011024183 0.011068123781777095 0.06938140719984653 -0.044138796298065275 0.0017661926484550867 -0.06704176143351766 0.08389708956471195 0.07327421919411474 0.06900221451471628
0 18 0.053078748430852814 8.661159509752639E-4 -0.03875681461127671 0.012921084412983532 0.08086563496780014 -0.09184814050596628 -4.8126004832915216E-4 -0.09785076074073136 0.07868709489320724 -0.038510217230260886 0.057318390233088656 0.04698329201317793 0.0607656828032606 -0.09235115320856804 0.04217285302299847 0.05892404686287235 0.053629097648369956 0.07816127145980528 -0.010881786558816447 0.09914067290009093 0.07406494417347433 -0.07736671943202011 -0.09455898877573536 7.659644685360294E-4 -0.008030266033501201
0 19 0.08255446897836023 0.051030946498134874 -0.04468674355181814 -0.061824600683901214 0.05393971289091848 -0.08356940019720693 -0.04628620842300848 -0.056471631571783525 -0.035133474227224674 -0.09462823186800655 0.0049783946917140685 -0.08594894495299052 -0.01882736580437365 0.07181200818241809 -0.08739852897556648 0.057491021187259864 -0.028749398857102607 -0.07281675023425709 0.09981797260857847 0.08108111990159705 -0.050477066920148216 0.0206040427225588 0.08025485486063134 -0.06261493813121168 0.06829364172261579
0 20 -0.05532780989837139 -0.11392353515644499 0.008491292877418994 0.010935374471294088 -0.2280439504351702 -0.018855297988343477 -0.061630661767676745 0.14832943258196515 -0.3958525080588479 0.04980006874332094 -0.13556272803559455 -0.27592281079990355 0.0034321571743471508 -0.1995695246255728 0.11194554574325888 0.03749793035461815 -0.18602761846275825 -0.01650729915398246 0.137495989268253 -0.008858279143141525 0.0945656629879525 -0.21446531118610496 0.0015669990509990742 -0.09506721212171684 0.07783641277257218
0 21 -0.05592879153426772 -0.02177410300380355 0.06797584735593241 0.04084864915606707 0.005833897963028411 -0.05840919603046089 0.018328126356351702 0.029227624656054482 0.0581832312284169 0.018566729686160046 -0.02405684754322072 -0.0635345196109391 -0.10131933927613682 -0.07270337617721599 0.06619191515450146 -0.04874569746662579 0.05761683345400875 4.154114294528655E-5 -0.008578833529942433 -0.06158725076009238 -1.391859708578464E-4 0.06962913408822981 0.06313989511678585 0.020199784928363454 0.026467750536514182
0 22 0.01083099957372537 0.052882290946795446 0.02857393732964128 0.07449294321045968 -0.00327639614914938 0.0777396278209604 -0.06566633581247629 -0.08740630274973227 -0.13602057966002026 0.08435089679513984 -0.05601416370666823 -0.06494857038737441 0.005193245582254043 -0.10896304317956496 0.04473241404583649 -0.05885840600860316 -0.09841965817156105 0.042300248163164925 -0.013805441463208308 0.06964814818253943 -0.06970050647753162 -0.010174523419134381 0.04333394757441565 0.05057539145695648 0.03687547927327391
0 23 -0.06714839563229244 -0.05503820084580015 0.03949503152935733 0.060835108303466265 0.004109248674166522 0.03911138440152241 -0.05958676562056861 0.09049778733698588 -0.05465890182273637 -0.03360082302960126 -0.0357350001737532 -0.09930807486941398 -0.05516036985686049 0.0690352653849975 -0.09304953003333453 -0.021752814691657473 0.0736541387136266 -0.01773122259490534 0.007185942739240506 0.07601556034623952 0.039123372071814384 -0.05430206294634918 0.08350985619952592 0.08568480683728309 0.011739932855480181
0 24 -0.15933369632920033 0.0025567541476168524 -0.18509615081298705 0.18921718080959488 -0.1096750688396757 -0.2117274289374912 -0.09798188502970505 0.0182131908856525 -0.5241179088683261 0.1761210138163125 -0.04401333332391683 -0.29736506473985425 -0.11160491650443949 -0.1702083256944649 0.1804513427766461 0.07716734509511158 -0.19264260917123063 0.0191447695598491 0.1591030662539469 -0.08764657441959203 0.15887501006642735 -0.272627487245598 -0.012673013101871172 -0.10496613497633393 0.08852365133904945
0 25 -0.030862197859823262 0.05234936313053089 -0.04769513578393284 0.004980787798026734 -0.03675183397900912 -0.015282942015715088 0.07070345850447103 0.012878394962146133 -0.2614327405733509 0.10091320351282716 -0.013796454568079753 -0.11405747926955072 -0.03639460262133505 -0.12503491624361499 0.07979218561694279 0.005657325390594053 -0.004886236689626111 -0.019408430786841138 0.04610892431150662 0.012579736106680112 0.04498773155871531 -0.08698402402021863 -0.012557558808523026 -0.10808674092247736 0.06547115166595666
0 26 0.058687451217939626 -0.06892302905471012 0.0015071635872815966 0.05793258221698977 0.04778191543623429 0.04137049631613813 0.0024145715232714356 -0.010312775228176028 -0.10405250644851975 -0.06416858605213394 0.07798806205122032 -0.08687757945937626 -0.028802755126150013 -0.020409716854894133 0.056278062213780594 0.0498884305583264 0.0618535216348003 -0.08859110912042689 -0.0014543700272767037 0.002706495280500523 0.09999663324225432 -0.10052056472020594 -0.08977969889330314 -0.06134244163315922 -0.013026581945312242
0 27 0.06290179120517643 -0.032815286900113066 0.028766631199230733 0.08928627039965555 0.05449977574315933 0.06707879105135534 -0.0338087361445679 0.1019990039980785 0.02472552398691098 -0.05418059613686881 0.05193264368013187 -0.09673241189790606 0.05485266948213422 -0.056466425613231765 -0.05650145672508893 0.03566088468338554 0.016586759809083397 -0.010553494391074784 0.03730070513472853 -0.06701027054180181 0.02521834452147414 0.03360065516088235 0.09026655758421843 -0.02461752542572068 0.07596441363226994
0 28 0.03086558612360417 -0.03010510911430878 -0.031149833025285078 -0.09414445178756116 0.01732482347230184 0.023069026472934115 0.0958650173313645 0.0944735044662589 0.029256890603277123 -0.0012202663488968938 -0.06691623454039893 0.08005489346951948 0.041281620569815713 0.07105512890892522 0.016977549241306112 -0.07701258433082239 0.0965025066877481 -0.0571222029533606 0.004147330549664977 0.0261158889584923 0.020738677479085737 0.04773365447697344 0.020677810191436607 -0.03411981712695176 0.03344496887626874
0 29 0.04503045026772025 -0.12900867504016547 -0.026797448033675942 2.4858986097284506E-4 -0.17181008885547802 0.009455202180656257 -0.012027638398996898 -0.016717209826180742 -0.18386148133080074 -0.03088509724165119 0.010703777386071188 -0.1957746047803849 -0.04304917419997089 -0.010191442824062015 0.01993414201299544 0.03245877754386358 -0.16378075928877756 0.07242755527977243 0.04885941422783496 -0.0014925669620170648 0.11152191257639626 -0.20529025034330628 -0.04957217678364537 -0.10320890071034781 0.00934058959160973
0 30 0.009473574626264017 -0.07287689663359402 3.010967905668174E-4 0.0389013880600223 -0.13484961432004783 -0.11003507963407666 0.038234259707805494 0.05284163485477665 -0.2414176654260772 0.08369134538189285 0.0022963570740536505 -0.09397127230317509 0.010519135028474024 -0.030523943816911092 0.056067902427245055 0.030802166575674805 -0.1273826295871501 0.006312260020205279 0.012911945398128658 -0.0377513574323018 0.12140722519599251 -0.07083962306817153 -0.02908872938462595 -0.1358591685006504 0.03356957052254059
0 31 0.03578928757830433 0.045887699088256254 0.06374018715202544 -0.05581956083274037 -0.06767081742530605 -0.0782782528929757 0.029736107820532865 0.07445564236799951 0.009250811175215493 0.035857104285193266 -0.004530514506964067 -0.07877928969362787 0.08250214650624547 -0.032336943344541104 -0.005003041107327764 -0.02775935090334529 0.07173270415643307 -0.019664694941871848 0.07401005746992044 0.07641174274050262 -0.06952394809300445 -0.10196841391668819 0.04069933502464953 -0.046344381994603556 -0.053756365486743604
0 32 -0.07175127012900318 -0.0047211899196878005 0.025226191842052572 0.039388103860590655 0.079713798429182 0.04122552784120815 -0.013660398295892554 -0.052291428378484626 -0.11673861359088991 -0.091115546967144 -0.023475050471381133 0.027461402386120486 0.04948044289276334 -0.08295810780276966 -0.03829256548272477 0.016439192819018095 -0.046741535190902815 -0.06237710530303307 -0.08946015087826543 0.027265327320162413 0.0030961452664927517 0.05501362353172165 -0.09474697023240294 -0.096274430846992 0.011669919327711479
0 33 0.06299069118112005 -0.030319168150724222 0.07976129011453816 0.04518104839948979 -0.06451639552633566 -0.0798940345507971 0.03453013432767422 0.09792754951689231 -0.10585239445509224 -0.025975610194808554 0.00829991938049506 -0.02548000318039426 -0.08750721265068834 -0.07503070887222069 -0.03908199931872409 0.06633957221071897 -0.06667960957133232 0.02562388081416695 -0.037421442584134844 9.590462464300194E-5 -0.03472800336336725 0.003941584283341468 0.04796763922677277 0.07097630829225565 0.061582718741235394
0 34 -0.08039421165623414 -0.04929394591875704 -0.02363372181102432 0.09298897050266416 -0.17122480473151935 -0.09657899403103273 0.03636874902539328 0.11792361309390337 -0.20534965285518048 0.05641924264153306 -0.08944191228467221 -0.13858915316382142 -0.020210928903465597 -0.11524130075536225 0.08177524879523577 0.07378486072802434 0.004100107644179353 0.11673095389714634 0.11547228281048037 -0.07816671243172421 0.1805625172715929 -0.17676824195320223 0.09676121737276973 -0.132547259839354 -0.03930046160328136
0 35 -0.10533024593650034 0.03873752592369468 0.03421364161499981 -0.022291875725225903 -0.13713241121045347 -0.07977904706841878 0.03553440377451065 -0.048654241859733945 -0.27080226298716736 0.06627476584429012 0.05656193709025293 -0.2622574301413356 0.06857772546660305 -0.03113485159192674 -0.023388607034041588 0.06458775840152871 -0.0486997832302284 0.054454601113257846 0.06790020980244765 0.009765163782255936 0.07088872035413195 -0.10351889974066994 -0.061389036469708946 -0.14303425544605633 0.06149065328108163
0 36 -0.015137932444629177 0.04299284116623761 0.09133405609071127 0.01821414066195075 -0.044576667404086355 -0.04048048101957434 -0.03685713431474731 -0.04641200960925201 0.0023327497976757174 -0.020007471147951362 -0.0894303020141534 0.016233509241189152 -0.03421036834450355 -0.07384317522297915 -0.029111144525127145 0.02317028295073092 -0.03241532521930133 0.0422170920453736 0.09196209663229334 0.018007482441841922 -0.03520801632232166 0.09051429541736876 -0.014936213957868783 -0.018960697062455706 -0.027266927743000963
0 37 -0.02934942771980305 -0.0595264307354847 -0.043956379177077246 0.06786062546584148 -2.4087175615515984E-4 -0.03419500662904963 -0.014502317397059278 -0.08977835415421696 0.04245120975589938 -0.039088608709176374 -0.08179750906270442 -0.11166907513982882 -6.063934891659287E-4 -0.04566344479083977 0.07211975308654106 -0.031911058516988874 -0.10125541966211925 -0.06824161897854222 0.04262313438108953 0.05710190057340109 0.02919969481545597 0.07680050158718367 0.09461766501681124 -0.013342516913844244 -0.030884634642485774
0 38 0.07484286562542931 0.09660296639319584 -0.005247108441190745 -0.08265710642577849 -0.05691658782222693 -0.061543699458470796 -0.022536118065695006 -0.034500800134211154 0.03717266410908265 0.001196845054630307 0.09369298437607851 0.040658150938676474 -0.0763774191620791 0.025754911993921943 0.05166318928092723 -0.05174526968791008 -0.04770545852139969 0.04675053244563164 -0.08988544343841597 -0.041591730894763854 0.07664920515881568 0.046748741509636 0.04531801891216607 0.03875998299291703 0.07064269263718267
0 39 0.03294765903791617 -0.13335049474007488 -0.12126092733776725 -0.033582990282282475 -0.039194932877699845 -0.07148818745888341 0.052185383374396314 0.07720985620535765 -0.2958943529202646 0.15251525850092806 -0.004620817178007967 -0.24957894952988924 0.040043753868970515 -0.10094202883333259 0.06288520265210412 -0.020681263054868212 -0.08325957631676592 0.0682353559988793 0.11969434325589742 0.08695111585873248 0.044571815959683084 -0.1415968990792712 0.11333128885963868 -0.130947945890511 -0.04378328739308257
0 40 0.33886543227207777 0.452510174304496 0.36732640190211135 -0.8185983832017741 0.708331699438413 0.6289460566612972 0.3439682286794099 -0.4854588144080786 1.860901619525857 -0.6639032603649512 0.5940450734486739 1.0963514219529342 0.3048617187843776 0.7984416356963422 -0.41496610038423565 -0.29155030153857486 0.8416528871654524 -0.4553079549886561 -0.6920130069729817 -0.20519021019145456 -1.03672295868448 1.0442212477239101 -0.5393798550011043 0.6528104595017884 -0.2526094600904387
0 41 0.04244649618049663 -0.04820399088994432 -0.027507262126150008 -0.0897218427664481 0.009507582993062659 0.059365996133656875 -0.07145199632587824 -0.021887308977551756 -0.03808498022751718 0.03923601938532719 0.014215105160450258 0.02183220867885695 -0.013545686062691163 -0.07119241036269748 -0.03970575963573644 0.024885875370252927 -0.03655448355546605 0.01498619533039571 0.046740884869457225 -0.012881931951737913 0.07641194319632891 0.08490425841242459 0.023934411221511912 -0.03960408805866418 0.05735955195526803
0 42 -0.004025353491737289 -0.016313327138959822 0.04080383783718144 -0.05185981162795866 -0.03351972468234181 -0.03949431799332193 0.021184406601598548 0.002159112365878936 0.2615029435570104 -6.93276294470289E-4 0.1022010827997078 0.06169697141288482 0.0718030689604377 0.08009833498980498 -0.06631873434504497 0.08950664578804646 -0.08289633394384884 0.04349717750785401 -0.06226991444711807 0.04325470792437618 -0.005012374169950276 0.0369244738147245 0.05566193161047397 0.07764210983210312 -0.007041230543624665
0 43 0.038718002045187945 0.03822829796201088 0.07801429544710473 0.03233223128595828 0.05697315729096516 -0.06945643009718115 0.06744185171216036 -0.08015280415264124 -0.058750320895961446 -0.05398453778461187 0.06683558281852578 -0.06775285328391839 0.06835125530624882 0.036492111349247694 -4.2794121046439487E-4 0.032031308878905235 -0.015446418255695957 0.06315618985255751 -0.056284222461338 -0.009416986508309525 -0.08107399754854283 0.03567546961749416 -0.051660572103563174 -0.024727777205415677 -0.006486020872524528
0 44 0.32313446501826704 0.490496955210884 0.4590539427094483 -1.0198198047828824 0.8065222820043443 0.6913106410603385 0.4019785689215314 -0.6166086981152569 2.3230200794989218 -0.713605821380901 0.6105370395279456 1.5259367328494906 0.13761360063155595 0.7739895239754763 -0.7386238078903896 -0.09903876559084615 0.9991813839141438 -0.6097227497246673 -0.6231488628394232 -0.13383328917177997 -1.3163272868718816 1.1695344302382789 -0.6337607952794456 0.5712918673981618 -0.3436061849756788
0 45 0.03621227401488095 -0.05851106144975597 -0.0977516031987957 -0.09504951737624337 0.06073803674999592 -0.022819988426749215 -0.09967011564388578 -0.08037132792635716 -0.06713511730691346 0.02705235606334785 0.011782723702050512 -0.014244954365664836 0.001465098996102267 -0.03568195030869193 -0.00561801592099583 0.04653763855619021 -0.038029236334010355 0.029958415463527573 0.009892156206807815 -0.08337443620191112 0.09322813702596565 0.024323688423248394 0.0980202903567967 0.03378199340037403 0.032964358405551855
0 46 0.020645867540565615 -0.014903900976084003 0.012431023517880474 -0.05597558157548422 -0.0858139200433903 -0.08641150513236867 0.08037202484522431 0.02411451692270988 0.06459430586607773 0.10008046316134077 0.057632410235424134 0.09614476359156784 0.07084222256570175 -0.08555769362553439 -0.0445567327401703 -0.029745088684312092 0.06259506340541954 -0.03134540977738409 -0.04118169500685337 -0.05129338857349493 0.03696628012008844 -0.03796585328132454 0.09493169074216898 -0.038946564501314555 -0.08266691819529504
0 47 -0.02740282041682125 0.09704432226745079 -0.012979431909505092 -0.0025833361648174976 0.06501326344107418 -0.03629607055978284 -0.07848949190489775 0.07848496205879606 0.08993081906153286 0.06471388075424724 -0.05399386823800871 0.05632723135311907 0.04150215934014113 0.07007200153513045 0.010089854921451785 -0.013643193328172636 0.030382381068464602 0.05626620278723683 -0.09416695805101719 -0.008678390881591768 0.09522852998042555 0.004676979129302569 0.0708787683745089 0.00838922220684697 -0.0321722322455869
0 48 -0.0185483953540396 -0.0801000094212379 -0.009523517308990374 -0.027020075433590727 5.013713979533459E-7 -0.07914493978030845 0.010386504573213797 0.07064395137036672 0.018333369023123967 0.07269543362337795 -0.03251863205940325 -0.05090253986889561 0.06163170590858491 0.0900422275549319 -0.018710832023653076 -0.07782110312746551 0.03551352026673396 0.08997097699305229 0.062372860842307136 -0.03899841735362101 0.05369766841633993 -0.06397689701531757 0.07830237385850172 0.07626887162353409 0.0446149925099785
0 49 -0.036363270360420176 -0.041639401001689905 0.08490182338350939 0.009125292281555404 0.07028522244245057 0.04819440535945155 -0.08166203020059687 -0.027246352380115316 0.07528304534208019 -0.05283448089502089 0.06219010090008712 -0.010963122108361392 0.07474062130284691 0.05112943482490673 -0.058861143660778555 -0.05918375404607216 0.09727296064335784 -0.06577456211544445 0.09156025657953164 -0.06413923435760248 -0.04343693943341534 0.057169605660579256 0.02958951630880029 -0.0023821446959437598 0.02716550257334991
0 50 0.09848427130916565 -0.032779080537017335 0.08197473784061562 0.07164789490211575 0.04326776704187249 0.023540915260942444 0.06210234890659059 0.012408399392588712 -0.07733329789622455 0.09835566680585757 0.05500083970676175 -0.04805503509995848 0.05013725613475652 -0.04732296604614415 -0.07232980341769663 -0.08268562065430454 0.08709041846079486 0.08115699263824795 -0.06640760380508322 -0.0721180127421163 -0.013172202411591642 0.01123629677486973 0.09783505859890813 0.04134055669526896 -0.05269992650657062
0 51 -0.037632376032687105 -0.09656970161804035 -0.019877917026354854 0.04934303538970279 0.02753664057272786 0.08405248897502998 -0.06379564522987854 -0.08359144724714565 0.07092181059218608 -0.0012439556954446957 -0.09553857405346246 0.011492121122456797 -0.0846623959362559 -0.09994486511443065 0.09830760773521768 0.08191805122391475 0.01584459258277816 0.08251635337940649 0.03942754566762956 -0.07216914543177823 0.04067707578867359 0.027997030167840102 0.0972527148327815 -0.09382731664637431 0.08396181437591477
0 52 0.06151402122313466 -0.06862021955182773 0.052995559262781 -0.013482332619288257 -0.03486287553296968 -0.02428999246032679 -0.05027618911536 0.06181875125753244 0.04486736737673882 0.06640841700861097 -0.057401997154538406 0.05519775403932964 0.08161651083175263 0.0059877991644069675 -0.034378045638077365 -0.0667282888336168 0.04544212040109632 -0.055303388052708465 0.050300900276786534 -0.021204000200958997 -1.0364218504736906E-4 0.04898572290357879 0.06588933402756043 -0.06911389136762988 0.047797546200121874
0 53 -0.022637820286345943 0.08167627265872193 0.07216237857125382 -0.02766197337501399 -0.010114085652978673 -0.0805925859197439 0.058274028694060113 0.008753488715367483 0.060204185632664456 0.08416963933233264 -0.017776753054881106 0.04063021618832176 0.09518864485344099 -0.07113199589933317 0.026536849713974933 -0.09794109196631363 0.07457182380465475 0.0397572761069345 -0.030503490286900567 -0.01038792199163149 -0.06876397357119832 0.09926437420703223 -0.07172903458137676 -0.0796775308986845 0.04691178627597164
0 54 -0.04699320736172189 -0.001509927544633841 -0.09309118155806799 0.03739177847848234 0.08832268377428631 0.04787974131671724 -0.0451647143449962 0.05692890716574705 0.005521603246494451 -0.04628935588652602 -0.06349801182546715 0.05910638365410359 -0.07306537468537476 0.03367630852327662 -0.03418359265022867 -0.024321756629272565 9.679524352823072E-4 -0.05237701220878599 -0.05949341256445563 -0.02828030652093731 0.056443385770656516 0.06923828004517635 0.09184729254060735 -0.0896846939082746 -0.06097348034434579
0 55 0.04187340437693966 0.07366114304273676 -0.08655356926948357 0.009036594294765277 0.007535467338251608 -0.050611646973459795 -0.06923759346049804 -0.018599941922389493 0.07977211020210496 0.030360730537912557 0.08718227501733644 -0.09602959145136998 -0.06220483886701359 -0.04809356320988181 -0.04944671406898383 -0.004875980632544484 -0.06661195009437959 0.022664583114793524 -0.01628228000234596 0.02750948786764956 0.05742341734123884 -0.00801987847300281 0.0017513013166597917 0.041814301373759716 -0.07443973290041668
0 56 -0.0052375872311592195 0.027083696117582094 -0.06994403625938635 0.010620678884283712 0.04483627325222269 -0.03061799793550542 0.026569360559420774 0.040475577667796504 -0.059960446655689566 -0.06356016405173706 0.052977168121145744 0.09755352620690082 -0.08283474799768231 0.09109729746218005 -0.01844950796692645 -0.005938840411611504 -0.07556321582598048 -0.0663050829274626 -0.07356764075634059 0.0011716631552357586 0.07425995821661983 0.04722941120285453 0.07045829198566822 -0.07621960641599483 -0.043325026021889514
0 57 -0.08924157782143206 -0.0707273935092188 -0.09760279764290922 0.08457356474545379 0.03188719199052811 0.062082560724217035 0.031770842795220945 0.009581625863519417 0.06742103161173492 -0.016993506868342924 -0.08439142689832568 -0.07810598852727237 0.04974344101348491 0.04549706906726255 0.02870684047086305 -0.046991805957321796 -0.047924933300716746 0.08676094752357241 -0.04048919636067692 0.08108752263860987 -0.03616620618732913 -0.08513795036985142 -0.05075530541825193 0.09370524471643628 -0.0800997432798741
0 58 0.0366151887823707 0.03598245308776526 0.07395057433980189 -0.05726175060031453 -0.05039759967360985 0.018286804087712043 -0.09701801819539288 -0.055468840240102076 0.060799836977916036 -0.07086159287453896 0.07635764205266744 3.3531782144211535E-4 0.04585781817949142 0.06018267506220192 0.0830037961450715 0.07192522072096466 0.09670759776207673 -0.002094082601393814 0.051445720084974694 -0.01569793345748989 0.019305602795802155 -0.08956246064667359 -0.07481208636289152 -0.013704923116120406 -0.04951383926194604
0 59 0.08713467739882988 -0.0685458047794393 -0.09276041435153828 -0.09827452243070832 -0.06791060965156337 0.08956062228604823 -0.09876688461730752 -0.03151655224769139 0.039500558775152045 -0.055083394451695904 0.08104148026508576 0.09645900848370373 0.028816674266958886 -0.09197488772376623 -0.02593909180627555 -0.08995229619417174 -0.09964365597437158 -0.056858125553491165 -0.006364060978300824 0.028673131292149177 0.09998591441594112 -0.003581151103960528 0.06977954521089598 0.06455062858232635 0.03693135504026995
0 60 0.07216876160230935 -0.009989160818733774 -0.04416049524774398 -0.034304503425171363 0.08592423696492667 0.09671719244843918 -0.026991598854024374 0.067681712695312 0.043548852361230794 -0.04435158096380983 0.09110481132703716 -0.06933189279502516 -0.04305476306598311 -0.007793323512866132 -0.07302323881703557 0.03518836564251362 -0.014227007480446368 0.08851805503244685 -0.043403159940450305 -0.040216930724566335 0.009033020010790824 0.018712680636499137 -0.07808515600841676 0.0810263141343954 0.07449420890393588
0 61 0.06204548463647441 -0.05946732541000488 -0.037968804696843876 0.027938694942418813 0.04149703825446685 0.032247758671015356 0.027234708739705467 0.07565594555619144 -0.06407240117969076 0.06110970209900311 0.07973914528694323 -0.036456838097064785 0.029634126626754135 0.01893174166021993 0.027729250283392883 -0.06946676343854538 0.039474285023244515 0.05046064951829893 0.03586894685381261 0.09471463770304463 0.08717238185096057 -0.002907337422973861 0.06304958004080678 0.006576243177469909 -0.0065371568184009856
0 62 0.09832326403347372 0.02410574499881621 -0.056571857351777645 -0.07145638962690606 0.02922248430253977 0.09797519630413722 0.004540780849392631 0.021999369978146718 0.07271801900661143 0.08023988811735945 -0.030136522205089028 -0.047206775482349986 0.0906536695566387 0.016449734541059854 -0.05903201230415465 -7.535487168111234E-4 -0.0066678086110754115 0.04550958159077809 0.00409680229057239 0.013867415017168313 -0.04827854858248985 0.09101565534458035 -0.07818052781747546 -0.07440216121594724 0.06658082678951173
0 63 -0.045598070911302586 0.043683272039909876 -0.0077888592248275155 -0.06752820157004116 0.08154826163227824 0.040664956779791143 -0.03828120004308373 -0.07446784364326184 -0.05582535567550206 0.050958033230730386 -0.07550585924699814 0.09261677458718559 -0.045239422277381 0.02282223918019543 -0.020648179741598372 0.014680410264626478 -0.04116483405117619 0.06457944545599166 -0.07405810528074049 0.051126098488077275 0.012019341702072823 -0.04397600988745631 0.03755709653781431 0.0012347399637774514 0.07645465519489919
0 64 0.04586760122072573 0.015182154863244599 0.08582189393591519 -0.06062967415956894 0.010672623784899062 0.09486499694105202 7.271034375205331E-4 0.030840706703358995 0.07252602607735704 -0.06404724774653242 0.03779797329624856 0.0896397714931405 0.08853950805825823 -0.0011307891581242365 0.03311931788524917 -0.08910514649185414 0.025757114028901965 0.026046301406231473 -0.04717625093166063 -0.07624969933813405 0.0999818711707739 0.05806555402611178 -0.0354409547745293 -0.06545379101282438 0.05547702174073901
0 65 0.057424776968800675 -0.01896084445260326 -0.06091668424332679 0.039538361326772124 0.0648770013116866 0.06855387371956975 0.09899623680609301 -0.057975185352183434 0.0843568208427266 -0.09747185268108487 0.016415258704672652 -0.07335061123715474 0.04758013484857389 0.07846055867498204 0.05847798844184837 1.8441677258051295E-5 -0.020552845599168267 0.029961717059391848 -0.06936779826928288 0.029941102032586868 0.0972969856061131 0.0601228440073547 0.08801287002069824 0.0632810850894118 -0.01348234018426931
0 66 -0.01850877354654995 0.08937229660929963 0.023372895053815342 -0.08776810643798627 -0.08144257635526526 -0.06960524852414757 -0.007493313481327635 0.06500102764086624 -0.08916614970195495 -0.0718792135230892 0.0614700339775886 0.09132710632513559 -0.05965146088168908 0.09073194368211104 0.07042764524722607 -8.956796092249003E-4 0.029137021193804305 0.07045763914810059 -0.023925975983613235 -0.02740804284073449 0.004473439210486122 -0.03646594469192658 0.05129561526416409 0.08853760157297355 -0.07076919964032594
0 67 0.058502942918162645 0.018612314629949 0.004547539401369028 0.06640049032911169 0.04698468023228873 0.04818422690945485 -0.02578903735586957 -0.02085166327484208 0.025923131138324656 -0.0489476782234316 0.04379043453052401 -0.05610701911255439 -0.010493618678803628 -0.04503204537671282 -0.05044180561635795 -0.06616926085141554 0.03996604151880156 0.05083101463665809 -0.09299344062535463 0.022861293197997994 -0.08151930595055616 -0.06910074069086972 -0.044125913689615937 -0.004567506503495471 0.02628714826835906
0 68 0.08207114036815678 0.06951620283917626 -0.007553912017936815 0.044020964399829665 0.06453004894596383 0.02910809985169259 0.07943925416775816 -0.04951232094161119 -0.07268953345144345 0.09227164068229433 -0.009329614353993718 0.06109618270215523 -0.05268340894488515 -0.08208387786149629 -0.019501728297066024 -0.09890453161420369 0.06916268405897558 -0.0894359365604138 0.030240474362215088 -0.07904589671604954 0.07496968006139831 -0.01368266761835311 -0.01078996760165448 -0.008941344025627912 -0.031151719205624775
0 69 0.09329632439334024 0.08749747466121058 0.07819478267293643 0.03890735058581128 -0.08763180013085076 -0.052772462982619686 0.06998281039825943 0.06328143925264615 -0.05835532876330956 0.0077485822405710504 0.08843472218504302 -0.013103861099257638 0.0782842587618984 -0.07562282528120165 0.009117651912876272 0.09085853188449612 0.06421491884015615 -0.042792258610027285 -0.01164373190861363 -0.041776202653423695 0.09035914651959001 0.020536270729599678 0.046168537291366794 -0.01229699993872684 0.089462410655604
0 70 -0.22624923497683808 -0.24611199673298775 -0.22407741192960462 0.2799289522077512 -0.5539911310716346 -0.4432183156318414 -0.12199884668569846 0.2663038071929454 -1.6741741019456966 0.357214165350988 -0.2679923258462766 -1.1735995378929005 -0.20322377831320634 -0.54224789556485 0.3360456984633282 0.05136665426113926 -0.5580117356653607 0.32183745558302107 0.20297826077672018 0.07322959475552955 0.5767568495802081 -0.7031892631149147 0.08928059810456554 -0.4158552508472696 0.062225147034861907
0 71 -0.10979852821424953 -0.02144555846007898 -0.0016590067870497175 0.12476185228716245 -0.05152739089501725 -0.10470498203004329 -0.01373141242163603 -0.06223874831498057 -0.11423302999668239 0.041803939840353854 0.03267988710540709 -0.05172990997935712 0.08267510465860202 0.01804501771480699 -0.030311424531208657 0.05070683568603115 -0.08188968604683643 0.0913494435953168 0.11420921130018827 0.04375652771560468 0.15892598912700887 -0.09173643441832796 0.0194537615768972 -0.02311679532717157 0.08047571668278686
0 72 -0.0365255327573583 -0.1023351660918729 -0.008287210775498367 -0.016687084366654458 -0.18615073361462484 0.004401468827744199 -0.08599656401307286 -0.019134630108963446 -0.29950951701759165 0.002487946885897371 0.02126358498839337 -0.22591425440230253 -0.03993118776195526 -0.04796073930204602 -0.006038359525160937 -0.009243342016999424 -0.04798297836768101 0.03337828941149966 0.10432180043721363 0.021594532040581742 0.09055712819619693 -0.11474476679604284 0.01509143307084488 -0.02043480004513113 -0.008043901508654156
0 73 -0.09764588401294615 0.04947903094501255 -0.050350980395627354 0.11163743472438946 -0.06998903622636991 -0.11889483734905411 -0.0172526782667473 -0.04428368873606725 -0.14324168724022074 -0.0329181503422721 -0.06978204242209424 -0.04472567006132976 -0.02785574798482874 0.05089480861262099 0.05349742328238532 0.017932896860043387 -0.10310196727171558 -0.07048895137838145 -0.06096065809209064 -0.040120761994431056 0.08215337060869086 -0.1255100036251294 -0.05732716477171304 -0.11004758596747587 0.05604049832105359
0 74 -0.2586348673730474 -0.38272967355929854 -0.351692275109283 0.4999482952766318 -0.6936575050931134 -0.41685502362036636 -0.3167515747210861 0.331805333028759 -2.109444048368117 0.31157086624999925 -0.30469391131335816 -1.492370877033003 -0.10799435375858228 -0.621310480120689 0.44773902698732376 0.22567224344581757 -0.63260934976598 0.1840789920316594 0.3147545353415847 -0.040051302627564206 0.6213862216536545 -0.8025744826110754 0.2930869142208876 -0.4912581585556364 0.1643106063027528
0 75 -0.09862684698232428 -0.20765175230140506 -0.06272650595253045 0.15984081957371735 -0.31902747271267073 -0.18707645578548981 -0.1381197375465411 0.08156527413207605 -0.938420908469801 0.24718843951962638 -0.066567895059887 -0.6740907635632203 -0.11930054264035957 -0.3164194577988984 0.2056453534725809 0.014332281490953346 -0.24602710387044233 0.1511321195852724 0.12992212650329796 -0.028291305740467836 0.3600252959867904 -0.3682663030860127 0.13514375383781851 -0.1025880977165677 0.010815035555596098
0 76 -0.0395122118825941 -0.04984219645363444 3.309100375171438E-4 0.04677201066227967 -0.06790714980340559 -0.02422240593796652 0.06277193744104162 0.069075710491141 -0.020684456534446335 0.06983340862162071 -0.0881704633574621 0.011278726333147224 0.09215277122674034 0.06842804050070606 0.008233687923151819 0.030326151327965695 -0.05927872913545756 0.05398221180658813 -6.836981500808986E-4 -0.050226232641745354 0.1052866744945597 0.034181425069933234 0.07545713823375766 -0.03791818734556418 0.0629543972786146
0 77 0.04191086620191992 -0.0745583335170759 -0.09364686193713162 -0.01649181342452511 -0.023792909602340154 -0.03818913186590522 -0.06529465643494073 -0.021716950171833945 -0.04588132623091297 -0.05558376859994353 -0.042053214026855065 -0.14938812969240578 -0.02188167329672368 0.05844611439575805 -0.04667189096761778 -0.0767102184923211 -0.08864296051345284 -0.04098212416577259 0.00429095151746621 -0.0794352180497569 0.08380892873733994 0.027343438691298197 0.05801150252426193 -0.025135880063578208 -0.0019626972677807175
0 78 0.02234138547264044 -0.09792995526733227 -0.08745955656455744 0.023498368530326323 -0.05746981991733712 0.03127451691356011 -0.09081224147134247 -0.07114672286673734 -0.053369351022352324 0.010390766330421724 -0.002781727133135843 -0.02236068621645835 0.005174608744592193 -0.0030708426462160332 -0.07358747745995804 -0.06016201395898144 -0.10058359865458294 0.016667985044408213 0.052482562812493964 0.09686354509931147 -0.05207510147798688 -0.046948121079565065 0.06448883104805586 -0.10413730523640026 0.08857675823364895
0 79 -0.1969751211106456 -0.23598898984135827 -0.13197720888186412 0.27987433190448663 -0.4230958543183759 -0.1439223468526228 -0.19197719785853407 0.24107010670615936 -1.0729166566413049 0.16094425891135747 -0.2668637182665854 -0.6893015134125138 -0.10052873718930994 -0.325684965720001 0.18568324802636582 0.15510596258086956 -0.23279657434636603 0.23350772881848716 0.19797333175691537 0.015703931542756476 0.3726176643864175 -0.46908416552167687 0.04223445454432351 -0.14551798107624045 0.19592364196649947
0 80 -0.22431912895145747 -0.21777916147642334 -0.2799035902102148 0.22675966316973212 -0.4519062882085541 -0.16083015567400774 -0.06541345436709764 0.12378003198555478 -1.1648197588739637 0.12222073115160044 -0.2850311403859815 -0.8193936932226842 -0.010855237448092482 -0.33725652163490477 0.14650197712619545 0.02557765039514772 -0.26447429666536004 0.11681714936412955 0.2598327734584705 -0.06005089397697345 0.4184571473865174 -0.3909316771029498 0.17790442401959888 -0.21838791506157398 0.16775014003996894
0 81 0.04754306861998904 0.05814108586393569 0.06527916071766145 0.09062009557606164 -0.05325309002310367 -0.07592843376503644 -0.01020562452718328 0.08857472551602528 -0.2002507644138992 0.059036588436074004 -0.048046641975954346 -0.10663027378120819 -0.05410731654926328 -0.07383975036795289 0.047350369712506134 0.09339451670498511 -0.13001917744534347 0.004014229089141621 -0.031503134150974256 0.08819711563193329 0.03171658143095067 -0.0571488395901208 -0.023947044195670227 -0.02714281972490863 0.09894124885617377
0 82 0.05859593213450204 -0.03780083730773239 -0.054813144383093135 -0.05789155908501728 -0.02459636755407883 -0.13419109017906872 0.04975138230272803 -0.03485993746032095 -0.18886619144267977 0.006568511455178254 0.04395241839050007 -0.048819585679409847 0.07079204785866035 -0.10265753148813321 0.022528443177464604 0.07580598769214786 -0.129307954623572 -0.03024257220396631 0.0426726812287472 0.057605400389211504 -0.04972706139413175 -0.13808833808033863 0.020947276371443894 0.059532062493895296 -0.06410333839443487
0 83 0.0373037552832657 -0.030854589617534112 -0.02640787174281955 -0.030077227316773255 -0.12054349914472581 0.003721698090325425 -0.10015467560790034 0.11728176810834318 -0.13706436684266077 0.0893908478630358 -0.0577010740805771 -0.17169237108513996 -0.044270618470682026 -0.12428671566502121 0.08890195847691597 0.06403700832567452 0.058082079261064457 0.09303125834938585 -0.05397918864661108 -0.0776520082684102 0.03403656239318513 -0.007350672028458787 -0.0051175844642046085 0.00971793671472134 -0.008897234741218143
0 84 -0.1727096680105912 -0.29432798967168583 -0.24372546986265778 0.22065873651841578 -0.5184072983665443 -0.3220084016804394 -0.2475632753469997 0.34731857052534576 -1.3720961470089617 0.23020495242240907 -0.1560556743963226 -0.952148944209216 -0.21295114930697712 -0.3886704020033118 0.31289651141632796 0.06709739466514739 -0.39036982041401525 0.18133285038331629 0.1138383425481093 0.03031043183279851 0.4159188741068632 -0.4486797636576711 0.21252356754553745 -0.34252931211241505 0.09633355761089582
0 85 -0.11290679700437577 -0.21348352548930963 -0.22709089986791667 0.2888529970856033 -0.34135671397386425 -0.14943658573240515 -0.12527336426520952 0.11641355530875744 -0.979339921146557 0.2750562147701717 -0.2585689540424968 -0.7184106786776193 -0.16920012414748153 -0.3452090163894805 0.14257026209083296 0.0934396724650623 -0.3190811450010786 0.045037043530076364 0.20551763839021933 0.0699753346626473 0.2728781506248789 -0.4270150824963808 0.07442699799672421 -0.24886555703379723 0.15278669544817072
0 86 -0.017095943802226916 0.05838350206503088 -0.03583214700333115 0.05468041496522187 0.047653387848530585 -0.07600894737965458 -0.08894831413256502 0.07552775274132263 -0.04149537500433891 0.042707357445304794 -0.0742591054814116 -0.057781627051545485 -0.08636792561125628 -0.05662327192694441 -0.006438861908130253 0.017009563908541615 -0.01766350865722125 -0.004945877493194824 -0.06428252652564632 -0.10177738335655852 -0.045171614684660424 -0.07807759017194253 0.06590765898472693 -0.08829736567248724 0.06470582252277474
0 87 -0.10393522558877122 -0.1168248809875408 0.04819273480494705 0.06881067395049796 -0.04913514267416726 0.04087486797158496 0.07879943960634475 -0.0409372191390855 -0.22428831549012127 0.03740041461933307 -0.04621123102454036 -0.0443511103753224 0.08625538753498328 0.03330429509682477 0.001956564220603197 -0.00900965955819717 -0.09996942719780237 -0.061904642205466924 0.03366547788797019 -0.01606088918556598 0.012358073042239898 -0.015591373139933131 0.09083490777312775 -0.07246116533977533 -0.07953531460568243
0 88 0.04811604940542317 -0.041922487528847675 -0.019398015289935604 0.05115791251532202 -0.05340183560499156 0.0574147002216339 0.0695513143191514 0.07438189489479555 -0.07010006869787229 0.03003812253412241 -0.032413160830662216 0.02987299039893633 -0.038265337844731045 -0.046241285773188916 -0.07485143825874593 0.016634672835476146 0.03706779787393904 -0.03713856999053439 -0.009491349279835906 -0.054714266375924074 -0.017569663012558655 -0.006140798514105671 0.025132860920111428 0.0672914663541115 3.9627433862420166E-4
0 89 -0.15713645584698177 -0.13428780133704354 -0.27271235707565034 0.19540117350042657 -0.38767584605767186 -0.1800132452481467 -0.19662841024230798 0.1637343198364666 -1.2649185816861142 0.27145420962164046 -0.21555699690625527 -0.7494339003664946 -0.0753492249635967 -0.2644895345833579 0.34223791253551006 0.05474160056844267 -0.380780665210133 0.09864718736193014 0.0958778499806736 -0.10032365213299486 0.3557160609604955 -0.5175616448902285 0.10875533588934591 -0.25655560349872136 0.08345477167479397
0 90 4.958931162722254 5.079258123252939 4.114649166105675 -13.27203795449099 9.765629233112653 9.208567668613178 5.052346167726324 -8.929576104599523 28.629654115473034 -13.154011901567147 8.912248807047881 18.218023065202832 1.4657729593228825 9.48749868462352 -10.364459461038914 -3.578335887641389 13.658309012932332 -10.202807329265054 -11.466330055313493 -0.05173213537811643 -17.923545957467457 16.276494047418733 -12.07351822082315 7.933353890540409 -5.017638404811803
0 91 0.04735815493244502 0.03857564326499395 -0.09156561730018085 -0.08255043117624462 0.08654602025580219 -0.052728681626514715 0.008744010807991243 0.05896166884679805 0.05304671896682636 -0.04546505604456001 0.049759945029362034 -0.04492231547440431 0.03184404096957754 -0.09059390872889483 0.04080425522351104 0.05785683464177401 -0.05240599754006119 -0.0771787392736998 -0.07434905683641055 -0.048864459579448856 -0.08692779436745976 4.285195873026449E-4 0.04139770999292511 -0.001176159939805412 -0.034660066315202125
0 92 0.22603662730624424 -0.4461829463687118 2.5044399831743482 -1.5059504630991647 2.3468521557140125 -0.2552985925520948 -0.6077757164835527 -1.8963928218060133 11.159965689756591 -0.1494517023715151 -0.39674724376441745 7.386441907269035 -1.1860250393679916 -0.9305629641668253 -7.841779689578756 1.7642642242303779 -0.05401627383081875 -1.8294176266344235 1.407951062798392 2.605189993926386 -3.880263630091493 0.2679750318212506 -0.6749961069282221 0.14246133088027613 1.0179333834912547
0 93 -0.0014257120296844368 -0.04803621988760086 -0.1040358513201692 0.033852923024431374 -0.03701076096381599 -0.045581733179959755 -0.03213798776818354 0.049790700564607396 -0.06582337409841106 -0.03453133134445943 -0.07462736191167259 -0.07737228586388274 -0.09876928274337388 -0.01844155902523914 0.026322397835781983 -0.016296287203956518 -0.08880648746539967 0.00326634555165134 -0.037865671082708455 0.07576961081662135 -0.01686227183838254 -0.0617671401331654 0.037861545695489135 0.062040292785463184 0.10371848503879043
0 94 4.862895695153908 3.8473872695010654 6.7720659267975885 -14.309002329928486 11.887473935119816 7.978467601699955 3.8847479764545767 -10.955620452597602 39.67191907354426 -12.668485847340273 7.621481475982304 25.652407176404182 -0.2502513322989703 7.671857202629727 -19.287251203347765 -1.2972196710067967 12.387633752536441 -11.702117773918493 -9.113038277073302 3.0468777130480675 -21.524252032140012 15.039484945568887 -11.900586625913988 7.361906198056495 -3.379313740378796
0 95 0.008446063412485194 0.05887822793602454 -0.06493738041410094 -0.016853108966301857 -0.07768628733980969 0.09858419834650223 0.09621363970485441 -0.09049543630439787 0.07587136514769281 0.04599780859477248 0.09815494685273839 -0.055293955325169813 0.0729807408615357 -0.01136056891034854 -0.030421118737252326 0.08970907854510823 0.0017296434860287584 -0.07019075232084429 -0.0714598090644195 0.07412532150599281 -0.04814402702759817 0.008147364809399291 0.027986712961546256 0.04217600355639259 -0.05825029590757973
0 96 0.006495718244836732 -0.07184833012591477 -0.010755919857740085 -0.021584516456983383 0.06552211133355915 0.047350280623105714 0.04050032402050923 -0.002669219638562814 0.08779482600273175 0.09358443450989531 0.09561899943300718 -0.0326804701991285 -0.07307453835567404 0.09349093629137344 0.057893452856404716 -0.08523771846061318 -0.008809883150428195 0.05909987204043922 0.040592325053007104 0.03634168501517056 -0.08876039741575784 0.02933745533181325 -0.0694424805045689 -0.06547231346663018 0.05037405615609991
0 97 0.08870623653419087 0.06517646910567795 -0.024530652818429612 -0.066826550950704 -0.008816938025533612 -0.024311979697728314 -0.027896793134299495 -0.03633432848183539 0.013501042232663263 -0.03719826946125496 -0.003125587105312969 -0.030425778077232787 -0.0766101220192953 0.015965308722605723 0.012548114286277135 -0.08454671989865832 0.06299622626044056 -0.09330069473777264 0.06294814875730415 0.049207933854799615 0.0477705717311159 -0.057750609464129736 0.08726038863309592 -0.008891250615304845 0.0821143786058809
0 98 0.02344088073071237 0.026365464660897727 -9.203938936182835E-4 -0.019314593359041392 0.03267866877330265 -0.06154442188533068 0.07032146053408403 0.02351843916081975 0.009707889429727026 0.08063230231116952 -0.04812902452511528 0.005072338628111185 0.03172278624638778 -0.08818571060608378 -0.019992720725614845 -0.029731562347377866 -0.013060716611355303 0.06446112972389874 0.029593143412320964 0.0726976424139329 -0.015039998737086209 -0.01820542496697874 -0.0713264973455569 0.00415480646822976 -0.03821728763846904
0 99 -0.012282895556608628 0.030171689253508185 -0.09314914514795233 -0.04879844781958032 -0.017531571790681613 0.0024464394940974968 0.09076065989886678 -0.06904746826082499 0.027209555787133702 -0.05366567724843599 0.09048999954773697 -0.013397680048869643 -0.036692760236942484 0.016937153182239657 0.011228568910535131 0.06400220137343579 -0.050857829744426646 0.016435297694716935 0.03063511734550691 0.08517415288027391 0.008122587935438215 -0.0897715125563236 0.02451543684849016 -0.0992754306516035 -0.07932282373269567
0 100 0.07144045378278122 -0.00574184879893921 -0.04557932755832272 0.08103406771404274 0.030990357807344316 -0.029469156399395124 0.05105858216419446 -0.015511833015023015 -0.09083795133984236 0.03595023248812369 -0.09692566650724478 0.08461219523538534 0.02099482979617191 -0.08735727424046416 -0.02911168036823626 -0.03392065143135311 0.04182923327347244 0.09121302633407098 0.03659735263409537 0.035901732749328 -0.05565842658900036 0.06345481359413405 -0.07237629674673693 -0.011244142483568911 -0.09811247075981537
0 101 0.0024230293731685344 -0.05527270756543508 0.07102060930485112 0.10018608824069125 -0.05031607197609064 0.08525075319800995 0.08389620318608253 -0.02646199124934003 -0.08335554614585841 0.02090790243264236 0.014276349766340603 0.04131422347821626 -0.014510542664692231 -0.09184441287066565 0.05218346089252183 -0.09091346630367415 0.06753357447283061 0.07930823206060972 0.008099471777291162 0.06281308235750847 -0.009135882811451673 0.06114113251628462 -0.07825585106366582 0.04626691457692577 0.021744742630422795
0 102 0.03537597702836036 -0.04248692716653027 -0.04994640010257194 0.08188635991688203 0.028563334463666552 -0.004475590314846778 -0.07026439389775688 -0.05712442191282528 0.003986965211934836 0.06848344831340311 -0.0460185871170261 -0.09309561139187954 0.04407991356346489 -0.02194227947256149 -0.04394552277912678 0.09781382389559785 0.08220727780432142 -0.08732377549703786 -0.06040401728039142 -0.07479008965875256 0.0010241289907486693 -0.10480849601875956 0.09951484583068013 0.08884991945204226 0.030378563514552804
0 103 -0.007951095411690218 0.0758041520432936 0.07118651118840318 -0.07068014141472666 -0.09415717135150661 -0.09516447309740311 0.06328984473785776 0.09383250117210667 -0.047057456089601525 0.08622767689083928 -0.061374524784915875 -0.08032684773926109 -0.05470557153978927 0.07560319052301628 0.06968476355454635 -0.01472477606484354 -0.06532017377198741 0.053629637836046726 -0.01968204378412969 -0.027274989024305658 -0.09020163482966433 0.06613620338536243 0.05698805053449693 0.05548641320219377 -0.057555756157245286
0 104 0.00978881718854768 -0.056861343662174095 0.01412215716155315 0.05637427698351513 0.021558732994444753 0.012788392695341974 -0.04814793789663294 0.009610565290679992 0.03279701483913311 -0.0673111521525615 -0.07100662029752333 -0.09828929020030344 0.0176347986402831 -0.030182998886361886 -0.03645135227857728 -0.017148770691361035 0.054408465845490396 -0.0971655792302387 -0.013683907892609051 -0.05210057590176583 0.015585686025597156 -0.019166993938876276 0.04448326170593463 -0.05613622425071327 0.043234728731909824
0 105 -0.09705065601130171 0.06429073059299892 -0.12303028676379416 -0.008847405062119361 -0.12452610688836428 -0.13518900842532372 -0.054421728581581334 0.06327406700985874 -0.17181590504626257 0.07958458626481109 -0.07770529484526063 -0.09657421465961205 -0.022134057486042077 -0.111925388294636 0.07122143947473039 0.06858526997142031 -0.12000308010336092 0.09713812344419907 0.10598249146225037 0.0673730691496219 0.10507887136770942 -0.08466852761602472 -0.0632354515095345 -0.09007308649674671 -0.032669151897992146
0 106 0.0136912461913697 -0.03222969632594371 0.05516768566690801 0.04503337506823681 0.024029257683549937 -0.017270427861453594 -0.10333512528636185 0.025681316431881273 -0.007126916694649626 -0.021260559702973667 -0.07703039753691719 0.02024048026525088 0.029793635887609863 -0.043752977843816744 0.07593575229285522 0.03091095234401545 -0.10701195714777786 0.06422403268606641 0.06598152251865669 0.05528202375229207 -0.004255020680528183 -0.021322889026352262 -0.07108762386138621 0.06046182045534407 -0.07320173716871309
0 107 -0.07405481175788382 -0.0910120212121268 -0.09448165312394242 -0.011960201167032895 -0.11976971067682102 -0.06832313554905219 -0.11423645402268129 8.247665658672074E-9 -0.30478381055180176 -0.002620765523852595 0.003406047789805073 -0.21297926101192707 -0.045939210682810476 -0.060397879294962716 0.0024476491541416605 0.11180522067858059 -0.058651633739152526 -0.041307725910741784 0.043074454680470144 -0.05067076115207605 0.19292518860776925 -0.09576952320307834 -2.648949363828681E-4 -0.10788763082898896 0.06026705402720769
0 108 0.05143735765537077 -0.10766230636777296 -0.008820495619841696 -0.004070338618188764 -0.02983484095955395 -0.04020254211345213 0.07496447897598271 0.13220340986327947 -0.2550118937314275 0.06986976245193802 -0.08104148086260309 -0.08673957564846653 0.038349855578581955 -0.015467176098427599 0.03097671329547384 -0.07582005929585633 -0.10696439686589185 -0.06698153556602902 0.05589142609718921 -0.054863041623682975 0.08917568139001546 -0.012687569402208183 0.11489291681699915 -0.06011072184556259 0.03246948056736731
0 109 0.04753171136838687 -0.015931437312882407 0.02361568116304964 9.457415274586374E-4 -0.18357547946633196 -0.14492236843444792 0.038307524945717084 -0.0030636729877217186 -0.27639993638348376 0.13821023955244865 0.04377480976155412 -0.2432507038278291 0.06821050483940203 -0.0682820759126551 0.05069994647183712 -0.02873752735234418 -0.1579499079947472 -0.03869604266526198 0.05684256357739321 0.08734992331474523 0.015517575239698178 -0.19426085175284588 -0.004684241745977308 0.027912474959462384 -0.07002822774822813
0 110 0.03540698679627912 -0.032200224493108914 0.01257138802393799 -0.02085028142741272 -0.036067938441971086 -0.010155767106776067 0.04291252959526859 0.06313952614128264 -0.16859909191231057 -0.05661448312888274 0.003654821080994215 -0.0654890121692296 -0.04369978413181636 -0.05809714765656482 0.08726162620467183 0.09393418490200103 -0.05709592885791292 0.0596608314689988 0.027360620960141725 -0.06546623324249727 0.1390913198439477 0.021479222624613416 0.08800936130620574 -0.017179876954768122 0.04926881420109355
0 111 0.06350319902799184 0.011496856362611963 -0.05114767435102116 -0.04306874790851286 0.03143149383918971 0.0849168358491655 0.022188580683622623 -0.022163258998318364 -0.08265727935142508 -0.012348318764757343 -0.0734791051079704 0.0031901187042684344 -0.04894999490478664 -0.09919347905611817 -0.039643218523721074 0.010728205219692952 0.0683204755199672 -0.010850016375937068 -0.08782242658599308 -0.003995770187551613 0.07025259082451672 -0.03376168068648064 0.042406620205020534 -0.024921068339289434 -0.07932352993004468
0 112 0.056543674863106456 -0.08523059370202132 -0.1203547780739153 0.04158621904571713 -0.06516924477281855 -0.057597477107708024 0.04119539832098817 -0.019827616889407013 -0.17168462854829908 -0.019715945339398255 -0.11882792731020296 -0.028382363282992713 0.08226822592789954 -0.11514810192873348 -0.0283004108344746 0.05628223455585012 -0.12343913314523995 0.04617242474687331 -0.06877235821679335 0.04150378437927973 0.029764142239311658 -0.03123622212073735 0.03847903763841822 -0.02943445782540946 -0.0714605726851882
0 113 -0.045853709458945485 -0.08365933197027633 3.2678507589179E-4 -0.03823914379218499 0.04745616508575615 -0.040078328955788264 0.0033733426800967433 -0.02525911571695265 -0.0982881763554083 -0.07202256330345268 0.009006709695700827 -0.013003866251994468 0.03643162236284364 -0.08368646630595174 -0.049012482642501874 -0.0073710732610921485 0.03399052883537712 -0.014881228260338332 0.040519739944151915 -8.97870133225617E-4 -0.057351543135281 -0.047195978068413136 0.06771453545274 -0.06685706189045501 -0.006794622684652342
0 114 -0.026522767291860927 -0.069687858513918 0.0466500817851125 -0.024578132317761278 -0.11903019091532806 0.0018041956327867186 0.054247897991454574 0.022199516284530017 -0.0822866288986907 0.004637902461912792 0.07249644886504306 -0.0720527063481949 0.0297256068174374 -0.020934753232878255 0.1157742782323659 -0.06121361522663684 -0.12203875390578443 0.07214670304456326 0.11848837434835101 -0.03298280855971062 -0.011894213656834638 0.014471395935105864 0.05217349589741697 0.06483668440308961 -0.01487692493571357
0 115 -0.04665625937215248 -0.10610886915132546 -0.08550090353405045 -6.140674335045849E-4 -0.013344453332053217 0.05419887443721756 -0.10236175623229894 -0.07911526379858741 -0.002450905311866575 5.336424198320597E-4 0.05924455608745299 -0.02306801497834721 0.03270579033712161 -0.03362394914688357 0.07090048954184128 0.047291817616069154 0.0016682183149786237 -0.06672108491873566 0.05239018584938982 -0.0758943044752726 0.09370946562438544 -0.0098738787353074 0.014245270766379168 -0.09999484996463816 -0.004217486824361039
0 116 -0.04516543391391005 -0.027078724682992716 -0.010499632984024678 6.493829505023601E-4 -0.005485165240748073 0.09224718892067563 -5.374015061327807E-5 -0.027964342524011417 0.0794273481929415 0.01813783647997963 0.027246326252360103 -0.002724209679568392 0.06036892205689748 -0.10229436554549667 0.00829202337552801 -0.06607886639436016 -0.027170522080673266 -0.055044213030024526 -0.05129620338132257 0.06382717793517237 -0.0942062816416166 -0.039342857054395414 -0.06033831751690836 -0.10005991597450047 0.08491385391386386
0 117 -0.011210846586021636 0.005470188090828427 -2.8911504642832126E-4 0.0816878087718382 0.013896221002680436 0.04395406478542908 -0.07234579895314114 0.04880540334726257 -0.09371298307933273 -0.030931860359107655 -0.1038807270703051 -0.01167769681410471 0.06724426219654633 0.050134963991858066 -0.07422603362699771 -0.06972968203456516 -0.08906235930329157 -0.004805714899474793 0.09072050321237252 -0.04487250450129165 0.01272943236324348 -0.03503292280397282 0.07126884686808121 0.07992899227096915 -0.05449204532137694
0 118 -0.0656635216937594 0.02958402736091194 0.05271884540265373 -0.0019550138947958258 -0.02705525626859879 -0.03832997916028715 0.012081544475037499 -0.05688644817773366 -0.055573009111936855 -0.016570600069989474 0.019363143944717803 -0.07160140907451595 0.01355675215476943 -0.04669233811328672 -0.0031353241324152186 -0.019360770570248716 0.0611220978459306 -0.06413765284354188 -0.049181203308944065 0.07312301801331067 -0.06482173122982937 -0.015139436782406286 -0.06160288969687601 -0.06170124350632427 -0.0709369226005501
0 119 0.0023915434941766452 0.06068770905820862 -0.09301808765788612 -0.05305768073901584 -0.07526784695566552 -0.10061402509819864 -0.10644700309692051 4.6568311795281786E-4 -0.17567036518523754 0.05784724841267573 -0.05056419344343978 -0.038148107856897304 0.04087188903597957 -0.11150625299492371 -0.01075915656770343 0.09459733846056571 -0.10554786968135578 0.041982374613959816 0.007990475059261041 0.013896360948608138 0.06999382956479641 -0.038758816769422735 -0.023672455885786394 0.058482245724021394 -0.0013760060284812247
0 120 -0.07842948127877128 -0.0715103206253025 0.06587719443573953 0.04191659324749831 -0.0062239848304050755 0.060210126087680844 -0.08249090646385351 0.08636821802334575 -0.05281662305236266 0.11502909990276872 -0.028391039490805528 -0.01776571840702867 0.03087418950665961 0.022408871513218475 0.11100027735759888 -0.0038411802756961686 0.012587617211885728 0.016954424742292837 -0.012497786152540347 -0.10097582409870014 0.08037450564380359 -0.01826651469025348 0.03887667219176371 -0.038155055224148283 -0.08563831707285967
0 121 -0.030821553423756986 -0.0398455203181712 0.0026993139221893605 0.003626141005641634 -0.11094967529391149 0.03849289801341652 -0.005406900796629134 -0.06304477845232138 -0.10004880111717494 0.005953558545713851 -0.046044745439352025 0.014995922800211763 0.029043441949929288 -0.1035825331013662 0.08805729294457695 -0.09365287200620832 -0.034894018106735654 0.09974591980995812 0.018576855795987703 -0.07245087021475048 0.06415343303305206 -0.03401240123032683 0.07657075410878923 -0.025697749827785214 -0.059697419358382776
0 122 -0.09671105028479912 -0.05670916605765889 -0.10019630011807568 0.11014489713381144 0.0236925122619623 -0.0010254309033169494 0.008062613019775332 -0.05062336749144254 -0.13001386994724096 0.022708363127145637 -0.09898499527677769 -0.11011575756096166 0.019160075012908357 6.675591851179112E-4 0.10194101253750208 -0.05779100286312787 0.028682892447578552 -0.0634630687452572 0.03239766926899134 -0.0033956781379609106 0.04890289625330262 -0.09379615805784369 -0.016231819756833618 -0.05094737298986115 0.00582340306081187
0 123 0.07884319448864766 -0.02356692911473562 0.017373655654754013 0.07981267319299723 0.023216132921331668 -0.03659233212777172 0.03351226137081257 -0.02667607560332203 -0.07594837429197822 0.00499402857882945 -0.11340391874851029 -0.13135728897690388 -0.05029807988496608 -0.1230197873755969 -0.0778091567706854 0.04409083948736689 -0.08049617589464314 -0.08527511679295305 0.04704198388265499 0.013557943913451305 0.1299932211380899 -0.0389917048854238 -0.014253750961458799 0.07796553945353377 -0.03879964646014759
0 124 0.07237481522090593 -0.0449688376530105 -0.027742869891860575 0.026037287480061934 -0.09056484900360905 -0.05072419278908302 0.06891178056454715 0.09549979710539383 -0.10448469508364289 -0.021512443223273312 -0.0630273524948164 -0.14198857685112865 -0.04495940181767169 -0.024994972165317757 -0.004248315821496014 0.03225635306381354 -0.08461819605678551 0.10401146269863837 0.1124862873665652 0.029252400122087803 0.12175631458962873 -0.0809776806631226 -0.03353524727172121 -0.052715241311223994 0.0417833556786558
0 125 -0.07715954896377576 0.01729864155370204 0.03438264523815007 -0.09528830793756278 -0.0686665675829767 -0.06986238604585164 0.06343871427137368 0.04291293101011995 -0.01373413093659489 -5.623679341102303E-4 0.015332130048369244 0.045658798660232855 0.06283551675570832 0.057375980739738416 0.07962456971784579 0.005859996578599874 -0.09921732507963447 -0.08127635710599888 0.07652709064836423 0.05866715535452969 -0.016333379775836057 -0.09320014227118167 0.06329116232708588 -0.042675188899272826 -0.009789937045062317
0 126 0.0702795321673768 0.014987399353743127 0.08353255163717553 0.05200195579378065 0.054119932627393605 -0.07816737567063196 -0.036134496411361815 0.03197486073549593 -0.0126723882189308 0.1086466210165478 0.02171702276936424 -0.11218466012304872 0.05660776354667274 -0.0970781496019347 0.037505650855880576 -0.08088518231468254 -0.03953005082713696 -0.054561538723372716 -0.03859913816331833 0.07164901625076434 0.10485142821770627 -0.021761932904235063 0.032725940882214 0.06574866073430989 0.030248750694468723
0 127 -325.1770559247731 -809.5190406287792 -101.99479376182582 860.5025454117311 -711.245126121348 -1469.3248076852053 -674.4996014940791 104.66760309204277 -1966.8987986918805 1344.3379693318698 -1570.6103726902238 -891.0493878601368 -342.55663260112436 -1377.2773567102533 -255.08192873919376 767.3988870493694 -2166.569487763181 888.7053192998548 1557.7947536597562 320.94340595773747 740.2004888990813 -2511.381378368357 1343.1073702688855 -1144.2758431056504 686.4955149268841
0 128 -0.015030599850545433 -0.11798970269331474 -0.1068279176808711 0.10542621031500815 -0.022472898951626685 -0.09186763120190296 -0.06400182386127314 -0.012384052997364173 -0.12174908649927974 0.11582232540261128 0.04320224544833321 -0.11509565157519087 0.03029603514045092 -0.102911827730199 0.09083065401535945 0.03355223891769794 -0.13929920669768037 9.700415066579977E-4 0.11412655146833849 -0.0615116913795569 -0.009556169223854268 -0.11404905003367105 -0.016330181647885328 -0.10619914334923515 0.04043133186862892
0 129 -25.782237479567794 -28.21591079521662 -17.32922391509668 33.93944282050588 -40.452490171671165 -41.11829602199239 -24.564399632073204 27.360272769051324 -108.35253110154383 35.72224988058856 -31.131235829528748 -72.97177595617009 -12.540254912475332 -46.501977195607935 17.91359908112517 16.98402801677207 -58.327581976599866 23.858614183441116 34.58600560033025 4.8201704350377 47.83683032223341 -69.91694749804701 24.649137431339692 -36.89849895962741 18.005961950273317
0 130 -30.82600530977131 -31.122294197964653 -23.284223548987416 40.11711388899251 -51.749773263308846 -45.629657140571226 -26.474204264023598 35.12946469717772 -143.93469098554365 40.37475411519192 -35.20257458894476 -98.46963166470304 -17.629973082498182 -54.29904080075825 27.778911190126397 18.034638435089274 -64.06571551884755 24.39773114248988 34.907397870416915 4.809839056063794 60.94018690955065 -77.82551065828055 22.203303539699306 -44.10164505267105 20.722433968032203
0 131 -0.008212442683939116 0.02687358280663197 0.03626596380939997 0.04053411505272979 0.12260490053442222 0.06868106872084669 -0.05306450750055192 0.05306936080362495 0.161223244124644 0.05009978691264059 -0.05057519958896632 0.11194289955688018 0.0296761223363262 -6.938139129674039E-5 0.014108487816044244 0.0027160990654748617 0.08525718456297092 -0.10936322443464122 -0.06393548770063334 0.02029854609000743 -0.13459811236864724 0.11657294173082566 -0.1055269521743581 0.08918474681164432 0.07840344089031513
0 132 0.1543887796664546 0.1336431044449101 0.10936420990922326 -0.1436933238859195 0.06540169160043631 0.05627372404106401 0.10246716581573269 -0.04081281030690675 0.347775133802967 -0.19006598861203017 0.05131557110928409 0.32789350688342783 -0.06736844950721942 0.10552657223977852 -0.05431003108942366 0.011675104596270044 0.1506690955156366 -0.13197611166586606 -0.06265619452947885 0.10301738640698897 -0.1368575856539371 0.10213183598829784 -0.1488899241315539 0.07673226018741561 -7.608089148448507E-4
0 133 -9.484720347807636 -8.204955116605374 -23.51363033263777 16.541640221536856 -25.86857589177348 -13.084660858473113 -4.748509626415574 15.292082196684245 -106.6572780478747 11.400485606844317 -11.247821385453184 -68.77214623797191 -1.2895557305501322 -11.665693891431701 32.04609113857268 -3.51121919812753 -18.939905558478717 13.09278127249643 4.3357960655076 -6.917144701193829 28.01799846446793 -23.924597267008775 9.753835896155152 -11.31348602917325 -0.5601861048314385
0 134 4.2896467496035475 4.946490119679632 2.132377816286743 -9.989729388454258 9.161280182048536 9.326556125910876 4.824340890393709 -6.9182401657511505 26.103746638550035 -12.18667792860449 7.326159465294904 16.008643414934376 2.341954485487956 9.848823547759073 -4.6887501872209825 -4.697792981399508 12.615704175744156 -7.535580451484025 -12.945281370092033 -0.4249242326809439 -14.957050794133094 15.277299533164292 -9.686154557878934 7.970846631467969 -7.537225851523367
0 135 -1384.6839748021616 -992.0696269303965 34.7777152571219 847.1807556789604 -1645.581152402301 -1288.4086024887931 -893.201759640613 1077.699839198992 -2697.652741637236 1285.3791151108758 -208.5538649882771 -2191.982189596127 -448.8821688605929 -1867.1068307494456 -15.42332056210356 942.4024093259645 -1543.034664702153 64.35426661278439 1280.4081944714994 517.7840782246024 1553.657755789388 -1842.1572883798958 268.86492914960644 -1179.823017581431 847.3648383221179
0 136 0.06886843138041741 0.0942561134591133 0.09362617816570962 -0.03795041514172167 0.03875707395986916 0.03143298327685198 -0.05409532066470867 0.003733552453678393 -0.07137985649675024 0.07535082108904308 0.034301075191352295 0.04593296841766196 -0.01820131183994 -0.06799015282191631 -0.028218745765377574 0.0636473276930981 -0.07947026108972469 0.02770558259169549 -0.03382059175602317 -0.04785212979055517 0.05461303711291382 0.0044552970237541935 0.03359115323597652 -0.0874496291883381 -0.061669637041806516 -0.08571569815346394 0.08376933092446968 -0.04343201095593847 0.04059370829577588 -0.07345525976168228 0.05517865519271945 -0.06669151914240797 0.010849897310484765 0.06601182503637729 -0.08001091144220536 0.01966506134758766 0.030481915465365488 0.04535423921565537 -0.025297742616883806 0.014211362825180011 0.09941876659243579 -0.05814862281251809 0.05558639079883256 -0.05190037246588758 0.05093123817711049 0.028007297654082105 -0.045164454901751756 0.08752072538577428 -0.001224058861306334 0.011471757789844283 0.07681863360879168
1 0 -0.05516029965587975 -0.05548859964596155 0.045207977114530846 -0.003381896602668577 -0.012311213170178081 0.08044958676547731 0.058797670092802276 -0.061681763563004165 0.08974505196750486 -0.023113251632035335 -0.04290168518704964 -0.024088287201100404 -0.08808219719454354 0.030629815587780697 0.05962565500438598 0.004970953088319141 -0.09480947717728624 -0.06394170206958856 0.007536328256670483 0.08543192493252029 -0.019443267028645933 0.07581394385107339 0.061230159642706755 -0.05281482755323835 -0.06997091275756027
1 1 0.0702682789243015 0.08074601656683718 0.08637313667617987 -0.0902387926558678 0.04286841784283981 0.06086737668601908 -0.09861373821087668 0.03220797608773707 0.07549903783622067 -0.07497700800510135 -0.06145964693249583 -0.07245268740699426 0.06415701235520953 0.09009493763461046 0.08358726145307395 0.006877434039970986 -0.09558400166790613 -0.07066538842967969 -0.028861562690337246 0.07632815700086895 0.03079700685818537 0.021350249925846533 0.014598537956870472 0.10286162110484369 -0.09670150922503956
1 2 0.0470720343463782 -0.010525408053251955 0.07725082307096677 0.03397061083224507 -0.07810899593211909 -0.05755321703668531 0.019206732282584682 0.07754187497184985 -0.05639429615481142 0.06066836487179686 -0.0030016889607733413 -0.07946088524004685 -0.04384466328336956 0.08811537729774863 -0.03909612300681305 0.06545821175474335 -0.08323327741740491 0.07716326350239357 -0.00376221476024482 0.002310225641578346 -0.08485905786608025 0.008973201706574353 0.08595444553891159 0.006883025249155461 -0.03997067800995769
1 3 -0.02293965190782875 0.025199468747562983 -0.04158292515305922 -0.07071452731995864 -0.07882988564919803 0.0030391537372828764 0.07015576842333629 -0.015494095518122496 0.052398810947950424 -0.04426248905846279 -0.09075764291525043 -0.021857712745718832 0.003589268791030485 -0.05650841013020244 0.044084654878422225 0.008677381623038057 0.07294531428839887 0.018562521730656967 -0.06831992515921342 -0.052759246977017636 -0.040234664074767175 -0.08926644344766192 0.038228011409782964 0.09114988486079709 0.07804447822738923
1 4 -0.05605606223581102 8.567731523188271E-4 0.027825725843252165 -0.05360994277946674 -0.08580165482087604 0.02944872926208612 7.866812599643872E-4 -0.07656523874852919 0.05870266420735115 -0.06779899021485758 0.06780158462304024 0.05240624286093922 -0.06433181074155644 -0.05160357787920078 -4.599844805631782E-4 -0.05304095399133958 -0.0838814167523699 -0.05017650992911899 0.021922504113024547 -0.049820639769678016 0.015834721968449504 0.08293539276385975 0.033213447020132604 0.0858319929216212 0.08191520742924269
1 5 -0.06822129851885753 -0.0065098972187968345 0.002573652048355945 -0.028867814133289305 -0.08211262091088034 0.021992307458017724 -0.05332670920833214 0.07076185131213379 0.034223558325859896 0.08999754816172116 -0.010830368756398026 -0.021106957839098092 -0.05414069178980298 -0.0933399411441164 -0.036112343444051856 -0.08810373288419357 -0.09395416818994248 -0.05827911349395077 0.08587237463996746 0.04455388491617576 0.019026196601333163 -0.09511282586124138 0.018118927029509454 0.04045078038711261 0.08670960996917829
1 6 -0.001735423672263432 -0.036976288456871016 0.09869172114384937 0.04573186974340115 -0.038414033353944374 -0.06500796171516339 -0.041522282464367614 -0.08092635522903738 -0.02248949401195427 -0.09239937026205429 -0.04495976965957281 -0.06585148324395039 0.051882561904172286 0.021205563146026018 0.08866928136745612 -0.03680411460951974 0.07605889866515426 0.05418900636532259 -0.03994585330479679 -0.03095259177791699 0.004508214809923938 0.07186205196713615 -0.014764256762563873 -0.030177014700447233 -0.052827897721317046
1 7 0.050944246501261684 0.08458254626966762 -0.072088488504112 -0.034486583872935135 -0.0570125190193322 0.02285141677067811 0.04739427102379834 -0.00695396466163321 -0.032617011797124694 0.1022851566540448 -0.05854036897323585 0.047536153685397604 0.021183707850506446 -0.03252632067070995 -0.09296239933391985 0.091084969371241 0.07186674906139406 -0.08403659908480762 -0.0369062076712824 -0.04916771672768434 -0.016047670761731567 0.06179565083533281 0.06547063676512566 0.06792882171086423 0.08144770731128519
1 8 0.02614879602247781 -0.048463889507462374 -0.03593975518474486 -0.07186530843923825 0.024427057747151093 0.074131749583366 -0.0471725168529053 -0.02066789855917781 -0.02020413811224296 -0.10205947904750798 -0.0025665280063801145 0.0045169941914915525 -0.031417671253119 0.04485100734769001 -0.057635680852281095 -0.05270543911222451 0.0026323854514060424 0.09122990191502645 0.04782046878906873 0.06167425199674518 0.013762117603118249 -0.07208906247355719 0.06209604809171786 0.05218107354685494 0.024815162972900557
1 9 0.09101684187503474 -0.022545947800370045 -0.07270027245010957 -0.017090078215730716 0.04123615048892761 -0.02546777673921502 -0.06892795783259541 0.08922332945319338 -0.016929161918736287 -0.045814385593745406 0.08077295563897821 0.024476500504879196 0.016438805562787304 -0.006678088372500317 -0.06540853396231341 0.06412252729288598 0.058649985323692165 0.029220301312460367 -0.03312753220958813 -0.03719097855588112 0.05059862529765028 0.05474179998773588 0.0608494999030933 0.008674430270977376 0.09337300890028802
1 10 0.08102510094977307 0.04535170928160298 0.08073372340297208 0.07522456284581024 0.06941005145413973 -0.03571317150203933 -0.02463719086525296 -0.08918881487483363 -0.09686434205488374 0.03922615265065262 -0.08234146046154937 -0.08417420695347447 -0.05376750139132658 0.055606267088563525 -0.04661817688649159 0.018276835620897883 0.008804658146418832 0.013521375276768166 0.022140807697964556 -0.05803042898090788 -0.015428966646399188 0.033937219665279815 -0.04611382829106344 -0.041079876708733705 -0.04444865994236657
1 11 0.01654325961462465 0.020021580898044202 0.07252626037377781 -0.06547619824254387 0.02668391178856027 0.03774485986888516 -0.021783445227791937 -0.08464655513070826 0.08563200986432609 -0.08268200122875805 0.09211572131397408 0.02357813921445097 0.0029216549750420476 -0.10555652713268589 -0.05959612206754353 -0.0018211900796346612 -0.010021897904569733 0.006741509911302783 -0.08255407114348692 0.040284927064321505 0.05408658005370522 -0.00851942918428338 0.040134554995513 -0.02483849790650816 -0.0661306234653223
1 12 -0.04660499565373466 0.07292537423728544 0.016904557186102197 -0.07203138922989875 0.013178719151279989 0.011696760728560348 -0.04852811669420868 0.06910185067204763 -0.07714034673141854 -0.07271652246538916 0.043954829276156286 0.012550391428617184 -0.05629993590189838 1.8500366250218824E-4 -0.057123715923878694 -0.007567082000926413 0.005520616428062478 0.07491970818944708 0.0804917564312631 -0.03610345843463392 0.05765440348390265 0.052980196437250535 0.03139311314486948 -0.028158801881559833 -0.08938813747661066
1 13 -0.09274504800894533 -0.002229872408602224 0.042450811970547966 0.0011927565558314413 -0.023236639277722078 0.02272556233263436 -0.012531808505407718 0.00906539652485887 0.06893503386921304 0.06380045001463028 0.030498041841735813 0.03258552194062465 -0.09623698909000404 0.015320899968089245 -0.03236030065232807 -0.08969212768986556 -0.02630450604806343 -0.08904636628058415 0.05379536990649227 -0.025848745886076524 -0.007084442943235177 -0.06472189650754716 0.008086904419978032 -0.09476007996834845 -0.05651003828729065
1 14 0.04445865943627129 0.03292819517790111 0.0968274142747072 -0.0660710094670131 -0.03527403034138399 0.036378056171829654 0.0567435150357625 0.09169164531515167 -0.07633571125948668 0.014719671899321985 0.017613157698273225 -0.020334013074609032 -0.04430256692681095 -0.03117889486052715 -0.01669795101612862 -0.08975043871965419 -0.09280972047084889 -0.05998493360446472 -0.03016455547546249 0.04987048591315909 -0.061313104484511695 0.09445371120168478 -0.030343510771232894 -0.01708731090206033 -0.08972578875462392
1 15 -0.0037810603292973933 -0.016574415553986144 -0.09415550220006157 -0.003773259659039189 0.05778054761662254 -0.05935032756899646 0.05576341332115272 0.040518636415116535 -0.044571866847621905 0.08037630155041944 0.009817341842269433 -0.07213126520010688 0.0022355336227922952 0.024230781068032604 -0.043901487920313106 0.04887008529060163 -0.056837648945606195 -0.003029067402376389 -0.07984117197857028 -0.06162140179112059 0.05924303542184183 -0.029441963543439167 0.0058033813885835835 0.047621673712252774 -0.08326197252327427
1 16 -0.0796874889747646 0.06942315274435386 0.06896600686779067 0.015454240661249353 -8.67340716256632E-4 0.03385679032120336 0.05924985845313704 -0.0875732857245791 -0.05470268536387619 -5.258347247533905E-4 -0.09607526877353734 -5.862558250657551E-4 -0.05195834824875573 -0.010899925309198148 0.07244916013762545 -0.0398781893701003 -0.05047565633918516 -0.0607288313918727 -0.01716776487685059 0.012545392705485964 -0.08856254088408753 -0.044414306386498875 0.01174113431078108 0.06284633329163539 -0.036340155362377675
1 17 -0.06744122442955185 -0.0653517099967812 -0.0719526603650608 -0.08973949762195464 -0.05088812843944417 -0.03669053030206682 -0.044572168875526876 -0.016326027632882205 0.042388025869421996 -0.008662684280888922 0.0496969551693106 -0.061935961146883135 0.03600933187956631 0.08872431637847832 -0.006262894244288486 -0.06297460272823018 0.03970946351877914 -0.05257880439187568 0.004769501831785413 -0.023326633536507876 0.016191270256313204 0.03808211363762111 0.057468618887206765 -0.09501571725681239 0.02118194780440959
1 18 0.07285904233252467 0.06722466709056991 -0.01911227812732514 -0.08148102569048535 0.04933596480251602 -0.09774501528345322 0.027257425431141978 0.04969670448489581 0.06725242889523059 0.02750511835452881 -0.019034552578289104 -0.0032539654074567347 -0.019635445452868716 0.0897933127292341 -0.02209414451471083 0.08634795163712974 0.07579959941797242 0.01955344349930772 -0.09624235212653943 0.05778746622549167 -0.08318082031031275 -0.08781342462027782 -0.007400660885861561 0.00705346978909368 -0.029196245079607205
1 19 0.009429374841538118 0.09424537292499731 -0.0896833230593378 -0.06647999289702755 0.0012138064511565765 0.06271252598412964 -0.029734690347589254 -0.05887039299816749 -0.05865829673251249 -0.06673993831052097 -0.026019955966039576 0.07505192052711586 0.04788533841271368 -0.07521892973938739 -0.024465990499964632 0.06520138184068802 0.03957161393298374 0.061004300729251094 0.029682234180142344 0.055780607321519265 -0.07874043249391066 0.07580554248418421 -0.06483639447380704 0.06849583877650953 0.06845335967709554
1 20 0.09364454548296408 0.02607567858871346 -0.03176751660376333 -0.012525945342033811 -0.06750357328452579 -0.010721799222266166 0.006138189898892387 0.03393616624850273 0.007543297170982409 0.08297471749853243 0.03386142375166389 -0.03461273355459622 -0.02720632015096529 -0.006186715158883808 0.028730324558234654 0.07419720257009269 -0.09096666309296317 0.011857688990196858 -0.09849833830749759 -0.013190952705208883 0.057444414579492516 0.03968118350349132 -0.09170809247980508 0.08242252667230303 0.10023444543179512
1 21 0.05545929428504416 -0.018766559897493734 0.09984836427784745 0.06520121123257801 -0.04220381434607334 -0.022284807529219297 0.018820290687018792 -0.09247028180861237 -0.06062058615716399 0.09557513646556559 0.05202339063875804 0.08678448179399631 0.09134367715805655 0.010988221839208294 0.005207768613941712 -0.09677319065907129 -0.026392340219075848 -0.07542499984997264 0.07962575196131767 -0.006208463835043924 -0.05712520779324777 0.05592858161319097 0.03497561568148789 0.0921060594883266 -0.014569228383440682
1 22 0.019267833366636067 -0.04141958536006121 0.01357391137116166 -0.06641246328544897 -0.07849871329666662 0.012359066359472978 -0.0753047755332769 0.041290172327808586 0.07230266311450192 0.08756577861515485 0.09660758618774982 0.0581090566220069 0.08521708897529842 0.027763435021590756 -0.05095622065692963 0.10634212322532503 -0.035043726181731585 -0.009993266515651472 0.010295938711173968 -0.05860106031790742 0.049504082704481055 -0.06940004392417008 -0.030491384153245555 -0.025966507446701204 -0.07318096949694962
1 23 0.04992770448354584 0.056645982631866536 0.07523552406859302 -0.01785690093557752 0.05430747473475574 -0.016409778210905567 0.0616732550102573 -0.01756589712070869 -0.04672849678250745 -0.09209713104271273 0.07267214812958527 0.09625063390004172 0.030590826760644695 -0.081374076996729 -0.08585955941052022 -0.06558317367246969 0.050352072736164495 -0.03445454699223855 0.004911725225725916 -0.040788110363061854 0.08762784263607347 0.09127129358631213 -0.08513960216269922 0.05646818790802958 -0.08115143048668962
1 24 -0.0019880386280515497 0.034880430470373154 0.014563003363008873 0.055199115432710215 -0.06149713931507066 -0.047660303942881295 0.08696491014015553 0.03091646716784326 0.031895526344429 0.06927603620358913 0.00202523199555772 -0.08255075978879407 -0.09152456614587236 -0.057548470008094356 0.07006445212982239 0.029598495158458884 -0.05854545140379847 0.09662252974983844 -0.05864887585001739 0.03364708206708834 -0.002666881247412074 -0.05168829013458753 0.07168042937463154 -0.02483856727970576 0.05828330781812462
2 0 0.06851457109618804
2 1 0.01637688931863482
2 2 -0.115854495557157
2 3 -0.029739491022239845
2 4 -0.022146435450006146
2 5 -0.0574101320984663
2 6 0.061774175554831126
2 7 0.02508953505362291
2 8 0.036016984266613684
2 9 -0.06009005380992841
2 10 0.023998821562605143
2 11 -0.028045110942894202
2 12 0.04958675078825485
2 13 -0.04958952632746567
2 14 0.07296376304493274
2 15 0.09974118997970777
2 16 -0.022880875215841243
2 17 -0.02570594081049412
2 18 0.0529630041224021
2 19 -0.041540298236722936
2 20 -0.055634832032829803
2 21 -0.008865834207490632
2 22 -0.030338062613452222
2 23 -0.07061068308412378
2 24 0.02498163352033049
