## RankNet
## Epochs = 50
## No. of features = 136
## No. of hidden layers = 1
## Layer 1: 10 neurons
1 2 3 4 5 6 7 8 9 10 11 12 13 14 15 16 17 18 19 20 21 22 23 24 25 26 27 28 29 30 31 32 33 34 35 36 37 38 39 40 41 42 43 44 45 46 47 48 49 50 51 52 53 54 55 56 57 58 59 60 61 62 63 64 65 66 67 68 69 70 71 72 73 74 75 76 77 78 79 80 81 82 83 84 85 86 87 88 89 90 91 92 93 94 95 96 97 98 99 100 101 102 103 104 105 106 107 108 109 110 111 112 113 114 115 116 117 118 119 120 121 122 123 124 125 126 127 128 129 130 131 132 133 134 135 136
1
10
0 0 2.451936052631332 42.27893874136482 0.9182547356451757 0.21714739089834448 15.736040467172366 1.4972869328780167 0.3802053998601983 18.235548217436396 -0.9352543222446088 26.28660024099187
0 1 3.030653912350336 45.053214304719226 0.9294539205793296 0.3351383351294116 16.616903123782148 1.665941434959114 0.2582808446186316 19.32362966597745 -1.0586941671651797 28.042344225270377
0 2 7.746744146400043 128.28306305355923 2.5081513564092828 0.5850195707999284 47.99872530163126 4.714084306324795 1.0465029935164682 55.001179749694764 -3.0313896388716497 79.6827613166471
0 3 4.909232282777703 70.75300498017813 1.8062207597860858 0.8458949668711534 26.186013619797343 2.9267042881497427 0.24279191967080924 30.42448195549043 -1.686180948740453 43.84691787054846
0 4 2.850168142593379 45.69251171925521 1.0205947106502509 0.3495610906027374 17.043668857408612 1.7722433951151908 0.2651197323544026 19.6112704981232 -1.0999940742324816 28.31919591102745
0 5 1.1868831765008738 18.66998474269029 0.32020768785640946 0.1141902344940429 6.870530963663204 0.7768256750127293 0.12404571517857059 8.018742146681964 -0.3421286790050262 11.569651837836583
0 6 1.6264594288855339 22.26004943704264 0.6184722415887177 0.22685140166032744 8.191220763802127 0.8392113460007887 0.11114233889948381 9.653014176857196 -0.6015727008849246 13.846871462002612
0 7 3.7372482439351624 57.46203267418517 1.1283403832860124 0.3409057217975949 21.36159336588892 2.2521100081211425 0.2589472379650372 24.656690380929856 -1.3273939200396805 35.69561999948601
0 8 2.5736401509973343 35.38588075241458 1.0630665629617997 0.38479345234192336 13.02830316258884 1.4017519701629004 -0.082458138640075 15.334918938227183 -0.8757224031771139 21.95039672979702
0 9 1.5242447560470334 20.770117223944847 0.49109167270110693 0.2424552894539568 7.508438777035397 0.8894194295782046 -0.024287669893658236 8.926646054895219 -0.4620374619978268 12.795764835135522
0 10 -2470.0335508439293 -33411.39645989419 -805.7959614218588 -294.21470184084836 -12319.302561748493 -1414.2076724009405 -88.66438295354956 -14400.656366502044 737.879942598664 -20768.899485299833
0 11 5.402468722654878 105.60576469671533 1.936819436033213 -1.5369801126418614 39.6828097073971 2.914121943980526 1.2642791823148525 45.05761751020246 -2.6084612446338697 66.1314422854056
0 12 -21.953236760483442 -410.645258740066 -9.689429409823932 -4.7977624942265775 -155.15910411136184 -14.588779449492154 -3.377167412690482 -175.1002078415609 7.439508153339035 -254.3406033223128
0 13 2.9052593099615613 22.334918164427314 1.678156606150472 0.7527459124761663 7.149438681579892 1.2059590696056262 -0.6203995407736448 10.389420884210615 -0.6014585724277496 14.021377730510538
0 14 -2483.6544174173764 -33694.07264585837 -811.7154773121314 -299.7858006443932 -12427.547513190711 -1424.6025028967422 -91.31944181407381 -14520.432810692171 742.3074624889653 -20942.99542890795
0 15 0.20377918776371598 1.2786281494986909 0.19334218928406383 0.31082925055526284 0.5474815599534771 0.09720320723751412 0.22702711758796276 0.560972965095863 0.41432730271106377 0.769575376601277
0 16 0.29781205462006605 1.3218994712072336 0.42452254892562974 0.2797063070755635 0.5110006699492876 0.13768345538925542 0.3414373141423413 0.54062868218407 0.6222923936878764 0.7341858187575452
0 17 0.37843882407840496 1.2803527056593214 0.3072402682150295 0.25401283587054635 0.5292023508113145 0.04858390655236017 0.3824160193579395 0.5351140278404511 0.7242145548200676 0.7427283358298836
0 18 0.46297987752499303 1.3853823557790959 0.30656273172413345 0.29407702912018596 0.5378241440050587 0.10846874688517602 0.2999783860796002 0.6992169633436185 0.672936988176662 0.9099800614457678
0 19 0.24024101070887952 1.2492121315744864 0.3204133828462871 0.17737849644542347 0.5763001691828087 -0.024222749362092687 0.27405232338357266 0.5332444640104285 0.3722992526509342 0.7313177017153316
0 20 116.46634615228102 1830.6005913580068 36.680755435020146 15.010739827007992 676.3255994039315 72.98274635406763 12.340118459575402 788.827026106832 -47.18450610639345 1137.310044672584
0 21 6.212240490127862 87.80133440738645 1.9152435448241156 0.8055289646171048 32.17597115316753 3.641455072073722 0.3221516669598374 38.03054248440781 -2.25822454294942 54.57194923133475
0 22 10.022958449349286 160.57163824976254 2.952954561686918 0.8858977975890958 60.120153793663995 6.276208591823709 1.0655713640915925 68.7105986754908 -3.714512439278911 99.6153875222229
0 23 5.414259130684976 77.27667370430099 1.96715848480087 0.793932063887793 28.417996341485647 3.2290700166326536 0.1530038243335316 33.312533411127404 -1.8381630428177966 47.97270672886329
0 24 138.03664033651722 2156.333217868464 43.59367406234312 17.546309078734843 797.1624579640043 86.15202058900894 13.9662377341706 928.8306165266424 -55.36852744895159 1339.4265771200432
0 25 59.12063138751685 957.7352922488237 18.03784397314982 5.275042589898723 356.90885338924306 37.837039506884366 5.632504508263611 411.65958608377 -24.648974989025383 594.5204904516585
0 26 3.102902958302761 39.01858812824944 1.0730850406378813 0.5002336880688371 14.28957742318531 1.6890553339572052 -0.1687320169779016 17.02984486383256 -1.215800458713344 24.32162646212729
0 27 5.352891161752254 77.92061326523852 1.8560447809560123 0.8073353696866546 28.759754910689967 3.223635700797721 0.10906512934514216 33.6425248866512 -1.9551507301916309 48.240848991058655
0 28 2.277163220448936 30.710503556934498 0.9816100474349024 0.2996005530069085 11.289532358022564 1.2257823815087197 -0.09580677370906385 13.420234609120138 -0.8138212294096531 19.026375829506534
0 29 70.57924112692449 1117.1790293254846 21.829285514173744 6.942372550422805 415.6700747026941 44.362172851245894 5.702126913380852 480.56287155692087 -28.889552671865868 693.514724899091
0 30 64.49093516909248 980.4685112899897 22.648069768873736 10.634981970663603 360.5160677030591 40.86137926891313 5.326398589634523 424.25548912989785 -26.025595392979234 610.3992959664225
0 31 3.8092959019936465 51.78432856358945 1.2405203890445065 0.4363243472688415 19.011511819456583 2.1163035700176493 0.13614349225579175 22.46019152105412 -1.333845288383429 32.22575698536987
0 32 4.408858120472543 68.7282300547522 1.3249680829879866 0.4206125950509406 25.855350639158292 2.991863338891083 0.3419061868164353 29.429669168324555 -1.7512465815700724 42.50216322233358
0 33 3.4578687674851927 46.021784731595446 1.283695440378978 0.6457212859107646 16.933775951860916 1.881575172536814 0.08413297855567882 20.027260680263616 -1.0983944176296518 28.60681337777137
0 34 75.49126618171485 1135.186116253799 26.318558884276673 12.053382433926354 417.8306251553145 47.47876554609557 5.718715669367149 490.91290143018483 -29.88164460379339 706.3376821112506
0 35 64.53364665993344 1009.1658081421687 21.240973364182036 8.273261774736552 373.4170486991868 40.68766096090298 5.552331030816213 435.3522915286184 -26.36057207184145 627.2223158490672
0 36 3.459702265227773 46.13799906686402 1.0642875738549038 0.47034938817035254 16.9133867918722 1.9705855600017175 0.049769008960894055 20.12968543614156 -1.2124886322580524 28.808439650213376
0 37 5.244065377604788 77.74007114548898 1.598478007182317 0.5607893191653001 28.817798547842457 3.111353232705011 0.19883200918607252 33.462527373984585 -1.9659943316703459 48.209900787645026
0 38 2.954720595290814 38.57507556325967 1.0784257179070706 0.4910637069460985 14.083921309350254 1.5670132668731516 -0.03117030074415257 16.78959989970278 -0.9204001696892654 23.89592133030132
0 39 76.2531094310392 1171.7576244732877 25.110141551415722 9.80620797086283 433.26522127804753 47.49070839245907 5.837579821299211 505.4499717868802 -30.69117931214501 728.2428804021343
0 40 -340.1085898629767 -11139.567266752743 -36.30867005714824 239.74608071902128 -4339.607160039102 -236.1182678749046 -112.4842333751973 -4634.835774868276 189.8050487485837 -6821.686712350166
0 41 -0.5095357443460654 0.8615110714917218 -0.36220767775720375 -0.2012151614824411 0.6015666602303161 -0.20036619312573223 0.2884131868414385 0.17262760583068845 0.09146816862785369 0.5411593223151215
0 42 -88.4117195104864 -778.5318490730695 -47.21705050671169 -39.427009558470104 -248.1985314373599 -38.19165574872272 17.837986946610677 -369.6466092591587 16.89986570972546 -490.9271640107432
0 43 0.2177039186988711 4.0468251058309175 0.0802087050737123 0.055789737786914005 1.5570265236326513 0.2377133582707918 -0.054811598825272895 1.7274905620482084 -0.05838204760036882 2.4617714533961514
0 44 -622.7323831686336 -13904.40069088732 -184.0318411680073 131.1651869235864 -5246.9458111398035 -357.448865437722 -59.924715136498726 -5925.168047288649 252.1608884156359 -8555.655300124541
0 45 0.24728460471297892 4.337602562217818 -4.641865293718963E-4 -0.06275899895700991 1.5710174012462406 0.09383789892272723 -0.04387839015861041 1.9167538911532487 -0.06237075174843753 2.5714141338037564
0 46 1.0496463373575033 15.560960220868639 0.38130886482769405 0.25896432073045245 5.725716367351859 0.5901578134319831 0.06228848102766948 6.742524977874636 -0.337699916147556 9.644172037105694
0 47 1.6181864788258278 28.026915886376987 0.5036140721014744 0.16436361298720772 10.372552715075006 1.00516126305825 0.30729199771033994 11.993295667502663 -0.5993694104993498 17.443188906365737
0 48 0.6194253135792736 9.761841629071792 0.2843341310822631 0.19950746240714012 3.54938888027439 0.32634695946642656 -0.036948175278847334 4.181036562994409 -0.2788099311886869 5.999395158262923
0 49 0.4488217696705248 5.51402504424507 0.20336711239260444 0.1424462301971947 2.078001208698457 0.245839894225691 -0.08756611456007676 2.361182223814902 -0.21247896245762926 3.4970170445499353
0 50 0.1309081267473574 1.9689371166059446 -0.026784802396426 0.057489908710992896 0.7654629743347122 0.15107462313035258 0.09584125910819397 0.748803938694901 -0.02435579940951868 1.257770386200976
0 51 0.5850938052049678 7.330035101712335 0.20353002540494639 0.0998225481774975 2.659076416870866 0.2283299865975937 0.058400537597976795 3.233105943113222 -0.23723039317810768 4.549592382634931
0 52 0.8250666489893173 13.057885034376108 0.34532700120252235 0.04873850444708496 4.800633387782713 0.45778833572287025 0.032154084997513536 5.592516086533586 -0.35552197930566987 8.180361015319917
0 53 0.39064183479993464 4.614767068905947 0.22997921376613348 0.009194110287417285 1.648848774755291 0.09950547487722496 0.07395871620117063 1.941849333333083 -0.06259330796738198 2.889209708888826
0 54 0.30754502090727326 2.680605259143542 0.058397059741652976 -0.045033317635210304 0.9260370804974019 0.22015618755144165 -0.077759850124302 1.1892729825507555 -0.10434627361923954 1.6923839649644268
0 55 0.13544778373919025 2.310613421786957 -0.00657073387870994 -0.0584944426423961 0.917059242224412 0.16031639610111825 0.06794665069050616 1.0469385611326876 -0.0254381006338341 1.5226867717124641
0 56 0.7442973522867474 10.39701683798143 0.3105709849665026 0.023318045366346636 3.865870994874673 0.4913727475021262 0.02916565124174343 4.367976009631773 -0.27524595457070167 6.334445295442563
0 57 0.8362734942485833 13.331487413923803 0.22415107103341145 0.10908190740481653 4.900367013360775 0.48657540446348485 0.06968093221771444 5.757943815649359 -0.26229349957725784 8.294699439438805
0 58 0.430348953361969 6.345581321736495 0.0983546881496267 0.03957739596473961 2.3758362401940216 0.19577515354827246 0.08841743605859649 2.7346568936470272 -0.2591948525288003 3.9223344350890788
0 59 0.3335353238396723 3.300641192062344 0.10149152492567179 -0.036577622379094 1.1526170130216344 0.19960638748327247 0.08633982518153302 1.3233931109733412 -0.12669511134107062 1.915088734069867
0 60 0.05749243444981317 2.084011194592948 0.08347978703498372 0.047673992614557396 0.8273924103058392 0.10246603501111766 -0.050601816367862276 0.8658136217117474 -0.01928415224139738 1.3526803185086864
0 61 0.5631753478111421 8.873033584364197 0.1851194263681783 0.04145381265045403 3.274920210326334 0.4602652792911465 -0.05186507454919628 3.88441053281118 -0.15404831128291469 5.4685564671226885
0 62 0.872393408564612 13.732499634515552 0.21484560580228423 0.15714377575680594 5.038618511708217 0.45481292165485715 0.014191462819394254 5.827017988673647 -0.38088608971584975 8.506141651610136
0 63 0.49864063035512163 5.441384307026489 0.2128323475229192 9.756160851270158E-4 1.93481636786697 0.3041337576739224 0.04988918489276549 2.4071028711565323 -0.052698676837577944 3.4238677735821876
0 64 0.14156226510263112 2.9130050656711224 0.17303160948361251 0.08732325117660261 0.999696637803864 0.0986833955648009 -0.022169902676629084 1.3426777916280632 -0.035042288009629115 1.9384382333414296
0 65 -0.010673441355077628 0.011530406781518088 -0.02946660901000637 -0.060014405243504085 0.06428066194006436 -0.0913119541365703 0.025579507526036282 -0.08776724676914126 -0.0098942893723316 -0.018466975587512827
0 66 0.023185202062408827 0.4317981440694181 -0.043614498445025685 -0.07257501974928368 0.2028850255744945 0.016874034006576038 0.05906579562455766 0.22632393002935836 0.05825037815824252 0.2717293693441936
0 67 -0.08107891839657941 0.02218821082395136 0.03167139729827244 -0.010260170199845571 -0.0919382919935662 -0.02526560368337875 -0.01446814061378918 0.05149393613333605 0.031372136972077976 -0.05106626204161903
0 68 -0.053169732127067625 0.01700322243460025 0.02611398132801295 -0.027470688170619147 0.039492113416809985 0.056745694962742656 0.04264614900540838 -0.0346394429949049 -0.07318485841472733 0.11579489294947316
0 69 0.026324883645963033 0.02739564247197236 0.05162311380309039 0.05514537670806056 -0.02093031845808726 -0.07883829938941675 0.060801753151688766 -0.029206019069754088 -0.04806035703287063 -0.046682560723430695
0 70 415.9877283529773 7081.148522084552 123.41247969385057 32.411478200367974 2648.9843205143115 271.53261554771797 69.06198196210435 3030.648225192474 -175.44166580209665 4395.417092285601
0 71 51.33350262802603 729.3688814023602 15.333968876873683 6.124232822874375 268.7200744116592 30.068967928346662 2.9233583276729718 315.11502100398775 -19.48187009395464 453.7558727084606
0 72 72.61584893641123 1155.8919732687114 21.05180039521074 6.475979673236771 432.8825094888612 45.7645786858897 8.327699908037774 494.1270037641602 -27.383932404300168 716.3736645518566
0 73 43.89528503275284 647.383720640972 16.197769448449883 6.5194881347614615 239.14761992338572 26.027420777337326 2.248342552533203 278.8755772520582 -15.681909395756893 401.4863418033111
0 74 493.98889483128806 8271.011486444158 147.0858826564794 40.22126889832509 3091.7950777541523 319.0127733620981 76.14006764376317 3541.1896239887897 -204.66878098115538 5133.630394338173
0 75 206.8823876420727 3494.120156845262 60.624641332373805 10.699816580531914 1307.3166281384267 133.42838409765415 30.314259087228496 1496.8684424275502 -88.6118021187407 2170.1428474066875
0 76 24.84965389891477 324.3648891224114 8.421038290763601 3.8429556841182353 118.72461798339774 13.987653109256753 -0.5949907289021336 140.80503375706533 -9.37194426066349 201.67588845617138
0 77 37.0579027835318 524.9416501994607 11.868996009244329 5.1614918192082415 193.44904611677373 21.604809933177997 0.4792531488842374 226.98430966565178 -13.584367340175561 325.21666771818127
0 78 18.88759697393724 257.87185318656464 7.31390506095465 2.757835806001664 94.77824276458207 10.678773367836316 -0.23590226877619042 111.66926710534655 -6.902461694357224 160.04857737069543
0 79 246.92649084546068 4042.5765055019033 74.62451019109858 15.810705421758016 1508.2925524939844 155.8375444937126 30.098277832729945 1734.8829492211655 -103.52688702580937 2510.491554067521
0 80 269.9959376276847 4636.147929993439 85.37365806382948 20.982927054484055 1734.1918793850589 178.59462557703523 47.47311207693664 1986.517494176898 -115.89492866429923 2881.7644823309183
0 81 33.161710674594325 470.9821987511513 10.184716685066748 4.03608293274098 173.7169467987044 19.43323137675058 1.7657889018167148 203.48120974697142 -12.647026038165432 293.06459111674485
0 82 37.947618550553734 581.4015537426859 10.320704590346692 3.6544292186503746 217.99114004871618 24.258220795759573 3.5091685745168433 248.5083715864368 -14.267399102509463 360.4165201806088
0 83 30.141505801593187 426.70289809786533 11.371621716032777 4.874388916858377 157.2198928762211 17.54758480602102 0.9792767292589897 184.21138681588036 -10.551000553604707 264.85670882944066
0 84 319.1372743793418 5360.7255409632335 100.23118040428866 26.126452654431052 2003.4983273533157 208.19578198447974 51.02039451267364 2297.866197943815 -134.30087636390525 3331.637050700779
0 85 246.3668203005937 4134.2059359686455 76.58913759044098 19.636581301924682 1543.774938155202 159.96986236462325 37.128692122667196 1772.7078746859422 -103.84378077735303 2568.8845340031594
0 86 29.366772521198744 400.15996572608987 9.434074618470014 3.951228861309351 146.8592617852095 16.818200075691024 0.3316804829756131 173.35999991872694 -11.024098463437934 248.8892597853838
0 87 39.277046860864125 577.5826688107131 11.85596480905598 5.009221449339171 214.22000392175426 23.705914826375796 1.865092937988749 248.67416833431406 -14.615267869838092 357.9833332558659
0 88 24.459500468084975 339.6725527788378 9.283216611991088 3.730937108185672 124.93068360720437 14.079764717713733 0.19293296226012593 146.85186088344244 -8.655689505229372 210.73359509169472
0 89 292.3182039543937 4784.723995547264 91.54913818961197 25.21372030713325 1783.6721642409013 186.6045762836416 38.45405017075565 2053.716231480431 -120.92688462414395 2972.6877873993403
0 90 -11264.837723149378 -165191.20284656784 -6474.820173038211 -2766.7452955180383 -59483.54991136769 -4553.441067371576 1932.0535386111371 -72018.9060642328 3855.990121952248 -101418.48958010074
0 91 -3.213366985295689 332.0368378701994 -7.8732067127471455 -6.156873759677563 136.79694690109284 8.86503241079881 19.425804367732784 134.0822727504177 5.021915748244557 210.4128512617016
0 92 -4712.863310798238 -43293.809629356 -2116.711618452315 -1766.7437397715205 -13734.301137803901 -1964.2912489553805 597.3176975762628 -20666.12081200439 885.3414985952585 -27483.675403646608
0 93 22.69887437702177 338.08461172221837 7.935926890697162 4.290330399339896 125.21304323078871 14.294241512834855 2.1019540526010023 145.18358577110874 -7.229348142947023 210.03833379966915
0 94 -15589.51158583248 -203793.18141949046 -8004.602732341013 -3916.7609470739644 -71332.09915827967 -6147.039097636761 2244.307091319879 -90847.34065863921 4536.66199158984 -126200.92940521344
0 95 1.5200876840273783 25.458209931037928 0.46212904465417765 0.13248963566426258 9.461145364173461 1.091599904909853 0.27219215776994526 11.018761333791264 -0.5264555042238854 15.89601145923476
0 96 1.384243175392513 19.248711851043208 0.5118668462781806 0.24157006620524013 6.976100350646563 0.848313604246327 0.12391898711863067 8.205127985612522 -0.5479584367376796 11.994364278557638
0 97 3.935076485586167 59.26177534303691 1.2497610473039082 0.3850350568670442 21.936599927555555 2.2386006538160172 0.3070349724581872 25.584014797700544 -1.477965696391734 36.684658306262776
0 98 2.20799836942737 29.245881598490435 0.8046433792188158 0.3267525571772639 10.810571160447157 1.1418973277993099 -0.09132269513232263 12.580136132379353 -0.7708421215507897 18.10870071302227
0 99 1.8600444497449646 27.075114149621232 0.6402818116277352 0.18615137412011265 9.955967306270823 1.0369813805511816 0.052046870880175435 11.769981160607427 -0.5907493514687209 16.800809583369123
0 100 1.1866643986837877 19.53505409004099 0.35203106482596686 0.20696055379875844 7.177503051925121 0.8306255974428661 0.08715847174843662 8.466935529408131 -0.3982916628186753 12.128160349029638
0 101 1.613108365250543 22.663621219925254 0.5049161833150346 0.13664964561092977 8.391196801149077 0.8082417337143212 0.17627102785576848 9.722673933070173 -0.6378481848142047 14.193946485472901
0 102 3.3826094728044067 52.94267527392627 1.1339397390667922 0.27168946773081376 19.581466208162535 2.086263365574552 0.22001122886251137 22.782988896707796 -1.179638161751848 32.88769479902539
0 103 2.751510089598868 37.11692686440923 1.075061316771642 0.52429822428685 13.539129356382507 1.5531174988444632 0.09649201308924674 16.12403191858259 -0.8956842827059165 23.00285542566221
0 104 1.473898791977656 22.40869012566465 0.546709208066978 0.1588818013818215 8.175911027543528 0.8541689013470126 0.05731434400263928 9.752707186027413 -0.626201155536993 13.978058819013071
0 105 58.291661326592575 959.2956491713343 17.374738068972764 4.0786495835333705 358.18235294032456 36.02980228992385 8.426573138394462 411.25974348118893 -22.27253466922318 595.4030345630603
0 106 26.724461112923972 408.28082724701164 8.510256627219 3.415895046231504 151.05538730876142 15.923707909124605 2.758614267664632 175.61549064673306 -10.389137546486216 253.30551470678654
0 107 72.54111194344296 1192.06868615591 22.210695589872245 5.440042617362891 445.4610864028404 44.87147186544003 10.216890154432056 510.3975453500738 -27.715465874720742 739.2823893701609
0 108 43.520059122251176 640.0885903388426 15.814988490692544 6.371755315392828 236.66052291170547 25.833397867207943 2.5129713346415 275.7107965771902 -15.53723233078896 397.00978693096994
0 109 65.88639329675517 1047.925978170055 19.73256944684717 5.4054415611626725 390.5457417592084 39.94791472058547 8.42520406429923 449.5601927706674 -24.402026075357153 650.4342366378307
0 110 31.727203123384633 526.426099128921 9.952436968714965 2.1652191837793797 196.65162873373433 19.700033679336553 3.713333029843686 225.7250243130626 -12.997553692161695 326.5664356926513
0 111 12.054633706440853 191.62461769437024 3.227251659470655 0.8066252114075203 71.09178312545801 7.3798558510414205 1.1868315821365039 82.27404157824412 -5.569082066225119 119.02034427409721
0 112 36.49664264678906 636.1965105870502 10.99924039992711 1.5449133230449308 238.67500955904683 23.090819244772113 5.83821764265884 271.58058285452137 -15.104345103181466 394.19822633390726
0 113 17.334083341176854 280.19965160945304 5.831367725846902 1.8416416706943948 104.30197487250345 10.642335332393667 1.6242741524254172 120.12696253112976 -7.277311169058561 173.73453289533228
0 114 35.978443966970254 578.672284887093 11.395493126276191 2.996110269616838 215.53902447717266 21.98635329004571 3.5832734463237323 248.18226067310246 -14.255018937651462 359.0577504015902
0 115 19.993638559027872 334.6928025496183 6.035145617488345 1.3835472912611213 124.92244660733499 12.414437958316691 2.5194226445207173 143.51474360235244 -8.4948568488946 207.69610749259843
0 116 3.2447236347173263 60.93945462216079 0.520797538439228 -0.21227574368987884 22.824817982406937 2.125528813660621 0.3161768694072912 26.036910946196873 -2.0601797508962463 37.735837147712665
0 117 10.436077310543656 190.32293140273268 2.6487397621780207 -0.10530986493350998 71.6638529722203 6.692269641453512 1.7942323717102884 80.96576280216885 -4.900565995274065 117.84085297430909
0 118 6.605053510750692 114.70425825195876 1.960523264958367 0.3539107852125208 42.684952371477245 4.337207079080619 0.6640798076405717 49.10055261012035 -3.2887968769868485 71.15956058620164
0 119 22.085758143455447 365.69038513760853 6.747223483001685 1.671202585239232 136.51966644401287 13.578578577496335 2.6822460384200872 156.67813331104364 -9.181017300579253 226.84591633447985
0 120 29.97066946068765 503.05619991394315 9.596977477969384 1.7674857309400622 188.07290851638504 18.565367034593578 3.4214380144292327 215.64684043901772 -12.288222899229615 312.07491803351405
0 121 14.485319521601868 232.02972336104352 4.049483840287733 0.9805747505054727 86.19994636252355 8.834316417340832 1.6340452422638863 99.61076870476684 -6.608338063370925 143.98651368373103
0 122 47.94094769682199 838.4902328296234 14.416637762855819 2.0886232841560197 314.59478283371607 30.299457034408512 7.92065600078708 357.7905422687682 -19.84781257852674 519.6218240437231
0 123 22.57819423921788 366.91816565740993 7.4870194317477 2.191293604049722 136.44447746449538 13.983540453412786 2.348940381481561 157.184743803525 -9.289065584177441 227.4008825640475
0 124 34.106392232668064 552.3027170132079 10.925529804129116 2.6002769778892905 205.96477175095765 20.766532726500657 3.5578086607586052 236.96145253950496 -13.574265547171116 342.62085371152625
0 125 0.6661922048739262 -1.7940125998243748 0.6574722986600111 0.5265830052150643 -1.175576647146455 0.15250135347752244 -0.26770805376566326 -0.45710898149161194 -0.0909117007680774 -0.8547703298331143
0 126 22.78225673399908 162.91987481681628 11.55138190648024 5.756649206017465 51.21624131261475 8.416670390241206 -4.719523707028814 76.19655446251556 -4.836724863394647 102.01158656355875
0 127 1138595.316376269 9510504.563165134 1336821.709529229 969935.3948020258 3805460.531654958 552536.0242781856 -95492.99039982197 4433445.3411653405 -304096.5194477965 6000719.793656466
0 128 39.983122460178286 625.7315318599294 13.837930951502651 3.837472628054055 233.67597965900598 24.526040213154687 2.2464354565599938 268.52870090894385 -15.093033080782584 388.6348112021791
0 129 35282.09875185874 577615.2014414797 4614.8292529868695 -1392.6548131709108 222901.32913450533 23096.18256664483 1487.2471917107734 242494.5221232507 -14366.957369367063 354237.8387922459
0 130 49648.82091443215 699469.7390728722 18778.71564783201 6547.802688613976 260771.24597764178 32744.500358081994 -1262.3331369399507 301173.5511255676 -17135.814919345965 434625.3187687088
0 131 -27.890391982167237 -566.0778849944655 -10.347571930854006 2.8121147420873487 -216.13403052194204 -19.10950095890206 -2.293959168599827 -240.05653188899694 14.25101496344077 -347.3799980354964
0 132 -129.18307288595346 -1762.4704864101552 -39.51333936345721 -22.411818488335474 -656.0219748921168 -78.84274111926511 3.2858287695632256 -759.1210816561753 41.648005483896355 -1088.2226017523094
0 133 16246.267476428366 376210.44819015474 -4445.854620056448 -6198.77596283047 143770.39731431345 8497.96783104083 6432.583431253034 158718.32672585745 -13255.913457172695 230976.32223587984
0 134 -5272.442686014802 -155868.07396784797 -2631.954200582758 392.63414684410384 -61097.58581524399 -3070.404759094343 -898.6290894704417 -66256.51648649375 2860.509072006287 -95533.77844640856
0 135 621311.5536786016 7367869.038310452 607022.7181294856 224440.80396628295 2676155.376628835 334906.8352054205 140874.11673427763 3089322.921028852 122647.7971254224 4618085.155974547
0 136 -0.0192379537439275 -0.008868985950569305 0.06293751427746862 0.07620538687584635 0.06751474906840299 -0.04129003356573376 -0.021297310365320492 -0.06569982243172738 -0.07578926883733691 0.11191208260503947 0.34692467897194657
1 0 -0.09830688214910853
1 1 0.15975816438609833
1 2 -0.05269705881862497
1 3 0.07910971782462797
1 4 0.364824418216696
1 5 -0.07779726409485334
1 6 -0.21218056953967926
1 7 -0.16868632096150385
1 8 -0.33138385051444125
1 9 0.09123430330710833
