## RankNet
## Epochs = 50
## No. of features = 136
## No. of hidden layers = 1
## Layer 1: 10 neurons
1 2 3 4 5 6 7 8 9 10 11 12 13 14 15 16 17 18 19 20 21 22 23 24 25 26 27 28 29 30 31 32 33 34 35 36 37 38 39 40 41 42 43 44 45 46 47 48 49 50 51 52 53 54 55 56 57 58 59 60 61 62 63 64 65 66 67 68 69 70 71 72 73 74 75 76 77 78 79 80 81 82 83 84 85 86 87 88 89 90 91 92 93 94 95 96 97 98 99 100 101 102 103 104 105 106 107 108 109 110 111 112 113 114 115 116 117 118 119 120 121 122 123 124 125 126 127 128 129 130 131 132 133 134 135 136
1
10
0 0 0.29432049729627935 -0.3923645127506813 0.5196985059149294 -2.3048957948967805 -0.6617901499969159 -0.17894552943127576 0.8182230321185195 0.8691882917698484 -1.0751310010189834 2.161740098578627
0 1 0.38392163625279363 -0.6330922925954376 0.37304097712449674 -2.456151155939978 -0.9144952958133641 -0.05383803037058255 0.965463480681262 0.957119868353325 -1.1373713856374765 2.304272285561099
0 2 0.9163343158664292 -1.2446180535898246 1.3032476343847645 -7.045169146453797 -2.3998460855202577 -0.4028097946604101 2.5218273397561575 2.713590521677792 -3.216004563924168 6.606695833335208
0 3 0.6050760387065298 -0.7871016671488894 0.8146403121682562 -3.8474145944221947 -1.297813290828287 -0.19419006296191488 1.2640941810612867 1.6311128248029179 -1.7736989272848165 3.530669210161395
0 4 0.3081600038180236 -0.496299387298402 0.5798090526978126 -2.4268178913985814 -0.7447258245800017 -0.17990641507803204 0.8929467972555205 0.9771817545046475 -1.2095604489319371 2.3230102122453182
0 5 0.2042075104992044 -0.24931491633950878 0.2375833142741878 -0.9442919439072668 -0.20823715179265534 -0.13019643969699565 0.4104806901104462 0.4118297113638619 -0.4983919031461888 0.9482298929351155
0 6 0.07672963342724623 -0.35720245951126434 0.2471172139547964 -1.2488307526396925 -0.35863784259230347 0.018201289370590384 0.4441606935053034 0.5040222692686752 -0.5695337324510329 1.178974944135183
0 7 0.33598801600578104 -0.6665856717649074 0.5448397486286654 -3.0834651530088495 -1.1589108394785124 -0.10807276408978307 1.2440097972630255 1.2239087972014473 -1.5304630875726866 2.898561801464632
0 8 0.3002104692880291 -0.3773287606122241 0.315151858778721 -1.9614488726054828 -0.5430731969031088 -0.004405277642837183 0.618251179564402 0.8212821035548447 -0.9221738709861228 1.7431965498785011
0 9 0.13568552193229813 -0.2806734754596505 0.31745187890957444 -1.1197553712915052 -0.31514937401127235 -0.04540440965277088 0.32891439199076855 0.3887034793403782 -0.41699876749826265 1.1040777376859432
0 10 -216.61574520551554 331.84947280190033 -459.9881867243168 1690.7820988249828 529.8399036978971 121.29893755351989 -567.5096004145328 -793.8492107880628 768.0594735145423 -1593.6374675822208
0 11 0.8347675569836092 -0.9597053066624104 -0.09943896149115 -4.995782351550219 -2.0529458935547873 0.03913623464014406 1.137325658426369 1.0910547056007667 -2.5833799637743047 4.864562481649924
0 12 -3.4140863173118703 3.299378105970883 -4.642669449734454 19.547523436651364 7.909101727505259 0.809234678451432 -8.286776667519883 -9.353572437770225 8.678675412477784 -20.406914021164617
0 13 0.5199715740415031 -0.5922785975480741 0.6339531467972938 -1.4899807650837436 -0.16054159030799223 0.2056454098457283 0.28783693764007723 0.7945807867076387 -0.2925124038568459 1.2780417381728848
0 14 -218.56522876408496 333.5846524771346 -464.18937063092363 1703.8270188882786 535.530594495468 122.5440586330867 -574.4731297038999 -801.1374920847669 773.9744657543296 -1608.0591693898234
0 15 0.2741921679224511 0.15308972954663358 0.18479397385558213 0.31872269652782065 0.2922842074437749 -0.05883976274502881 0.1149706099051103 0.052290390002890534 -0.009741824960037036 0.05244630844011219
0 16 0.5365248286352255 0.18007995563677842 0.2409933910376606 0.5128089665722378 0.6349192273995647 0.050030589198161175 0.20159752771238407 0.2502165731979338 0.10858925184764256 0.18365788435422387
0 17 0.5558520273982459 0.3296182980833236 0.1579190042595182 0.4471684156231374 0.4365686373444564 0.16252292186756753 0.22299700919705479 0.2773575531979381 0.10048103707486154 0.09829531328806833
0 18 0.6689134126265742 0.14817286362739793 0.2789893667820835 0.4385232137622199 0.6630550099017831 0.11541279609415939 0.18092287554558356 0.16940591359937715 0.011798958208152015 0.26201273526193775
0 19 0.2698538668112679 0.1250430735603291 0.03399456205283631 0.21263309810367903 0.2683748688825167 -0.009476352918433203 0.029635652923487354 0.024097414356857222 -0.03475983418592897 0.0613805681012875
0 20 14.871385085430717 -23.810563782417447 17.86337612708961 -105.99271238930862 -35.58338177794168 -5.754993274291432 37.44199484505126 36.607941250535994 -46.9093933666779 92.42206753907882
0 21 0.5106969537296624 -1.140098961620461 0.824009037246191 -4.799809884165084 -1.6896227302627311 -0.22484258379639932 1.692248095621755 1.6838737977694838 -2.080683580605004 4.168756169964121
0 22 0.8962817187595259 -1.4811078681762158 1.53412455668165 -8.93326874130471 -2.9601292763765916 -0.4892438994760619 3.462772126556779 3.252653744284855 -4.312399442873437 8.289734969133068
0 23 0.6240800172933936 -0.9602852398409086 0.9180271378289331 -4.277166937620543 -1.3649984208259185 -0.23471817926522567 1.4023340998464893 1.6976728161040415 -1.8766948660790759 3.871521352760275
0 24 16.933058744189005 -27.234523255093027 21.251296721708336 -123.90145887012059 -41.7220894929295 -6.892470282430289 44.075047710414424 43.296413921716116 -55.21273090083051 108.82802369093949
0 25 5.545032862696091 -9.480354975902777 8.862037605616385 -53.983034549324344 -18.51095240622336 -3.373622140579364 20.159766681911144 18.7802191448723 -24.584899973492885 49.15664521990643
0 26 0.24038688475608133 -0.3587358809493442 0.32204860863642015 -2.2709995892092945 -0.737455950121167 -0.09663726372244955 0.8535480284334116 0.8389255811373026 -0.994007760373462 1.9565625889264342
0 27 0.38946255062778123 -0.9383829351936014 0.96633492271316 -4.531528876898867 -1.5363718091251508 -0.22156372672384048 1.718718838363133 1.6285287229211476 -1.9648497891541032 4.032929986610498
0 28 0.2050504774842483 -0.2526598110705542 0.3084476009216813 -1.6620313192763003 -0.5947780231149732 -0.00816265044791749 0.5173269551349925 0.6700845939059898 -0.732409413744595 1.4832170390923134
0 29 6.385288451989028 -11.478773120161373 10.647932047913296 -62.865102252878316 -21.760680141368926 -3.899062975022158 23.307497769160292 22.25071503568609 -28.46181378426012 57.273959042233685
0 30 8.681562519894204 -13.343142807043014 9.513647789475126 -57.10797605954528 -18.449170579541992 -3.2239548545834147 19.294736309064476 19.449225579028596 -25.18673846525706 48.63113452729142
0 31 0.41579920271733717 -0.6809395000020012 0.5488146389268835 -2.8380290721016137 -1.0374720331948055 -0.17828494150701368 0.9886868130470917 0.9134720632765551 -1.2467408559011794 2.4909792489418856
0 32 0.32380334688549267 -0.5931021023927526 0.5731326862037337 -3.855143760649167 -1.2050041129669333 -0.384151697867062 1.4459468901450128 1.3350359979058348 -1.862232934689584 3.5988324135434087
0 33 0.3045033343321345 -0.49185208051222734 0.4585382692090876 -2.5846580280674547 -0.8927948752072976 -0.1307117096724083 0.872603215923545 1.144390265991868 -1.10436798459218 2.291924965627288
0 34 9.798376029231411 -14.813799279822932 11.081492531217497 -65.58815710282587 -21.174979909998846 -3.745910943035955 22.496066741429445 22.73410803664228 -28.998117219248112 56.49199463471191
0 35 7.308700592765562 -11.860127015011631 9.533431193802782 -57.69993576975362 -19.389304842207867 -3.4044518454044237 20.296262012541863 20.03960393917199 -25.741332619043984 50.9766061891767
0 36 0.22367672754629928 -0.6232072638626138 0.44548091939869094 -2.5317204250194196 -0.9193970964530739 -0.07136183657876893 0.925225998065595 0.8565799822545624 -1.0005579512665852 2.153053157158437
0 37 0.43563890641659914 -0.7752602566488547 0.8429732832144765 -4.3803062533223 -1.4737551607451653 -0.3333741048160714 1.608560142272575 1.5932951830035478 -1.9484154106903984 4.04425100224346
0 38 0.3550522184996909 -0.5154485500985232 0.5090597597169124 -2.137175755642865 -0.7455142042439443 -0.07403349408430882 0.6493392534877236 0.8893905611231856 -0.9137592826817814 1.9575761041417348
0 39 8.33912330410833 -13.653185891783629 11.373686598138798 -66.59896849461086 -22.53590034159487 -3.866381276988096 23.659039627380498 23.39156814112831 -29.86215461275563 59.1982700029459
0 40 -4.345252260117854 15.011055283032528 -86.46092941479564 422.5325266642482 241.1034609984985 -8.58956196709061 -235.1209550332867 -287.4704490465278 201.64837129241985 -603.7175561258513
0 41 0.1368794631598822 0.09779600695456193 -0.1610129787635135 0.024146891436268535 -0.050137474460620196 0.02412572468631768 0.020047245041787464 -0.27329563393666245 -0.004064113030933923 0.10152508480203434
0 42 -12.169487722449771 34.10775285719844 -24.489049076731355 45.84659554206357 29.968670395136137 -4.760163772634202 -10.55735417769057 -28.39036270065626 5.217696137443589 -28.558413404416722
0 43 0.05493711743134851 -0.13387173526385668 0.054508515954609746 -0.16698212061209203 -0.08512522666716055 -0.011811775711098756 0.032181699251417756 0.02310315582561939 -0.13464900655154904 0.25072198636812987
0 44 -40.45051548483721 118.9884695749286 -163.87702623852184 582.1769271999482 343.99364541162635 -23.411774754432773 -274.4687221685885 -385.3125434781829 225.26037191072047 -714.2989525494622
0 45 0.07849188218968066 -0.025280935338725278 0.0385154801425725 -0.18860980277374106 -0.004200977188600296 0.05834103393607183 0.1843380004295257 0.011071404520347869 -0.07029913476200086 0.20961010456074664
0 46 0.08267992692352387 -0.2075440536984058 0.1634261432118307 -0.7494141208423337 -0.2803099968118173 0.016742491656228212 0.36656876919082554 0.3677458696958809 -0.4189754169936286 0.6629308488210768
0 47 0.20016851205661898 -0.18005740311013382 0.34856904606147593 -1.5260971687598965 -0.4354949534391365 -0.018835664180506088 0.6059953280252065 0.6224229043680155 -0.7620719167795899 1.383738480238638
0 48 0.11687451248484833 -0.14766640724163213 0.09190715594794092 -0.44519852768934154 -0.18231832674779797 0.0443785579638894 0.24237803889415646 0.27154961023204494 -0.24850917914542728 0.52763426458107
0 49 -0.027993469374416775 -0.10956601709308052 0.09411356626753835 -0.2617509637622518 -0.07881733900043247 -0.06810783774790306 0.019490401057670404 0.027441061804532582 -0.04973093505141803 0.2528034057499028
0 50 -0.08204029377105597 -7.471464430503859E-5 -0.0037868051659995573 -0.04533592342597901 -0.10851434304973312 0.06258521140946008 0.10188818011484403 0.10160399795957328 -0.11127997545443936 0.10494773293946712
0 51 -0.0527658522118731 -0.18454638778514018 0.12387451104106799 -0.497326140121706 -0.1298017866259666 0.022956664124342687 0.1690056742330697 0.1812267992249659 -0.19482547608515066 0.4494751249544787
0 52 0.12782956970925033 -0.199670228149792 0.1180992093469684 -0.7991368054883047 -0.34104716724706646 0.0452889834730686 0.18021468912265667 0.2621581106267544 -0.41057612497520385 0.6931031067507383
0 53 -0.023740705854502595 -0.10070136290350513 0.08517448545082024 -0.2972440899236144 0.006983778486385381 -0.047239439003108064 0.07975046104614363 0.013366815469251182 -0.1581580814765601 0.28659817393715326
0 54 -0.07866420323732659 -0.0032307841922677525 0.0423351869216512 -0.06887295142441499 -0.0118571233471332 -0.0016915415656232147 0.1097001566268859 0.10707571027284331 -0.09277191288344575 0.08572996840662318
0 55 0.04870131215228857 -0.05756477466601378 0.03334759786214538 -0.1643770469284951 -0.053432267605407466 -0.01872549994807051 0.05825838317321012 -0.007001940112522717 -0.11164788083898357 0.2037342934525215
0 56 0.03471587568640435 -0.16387635049058188 0.16716411722359847 -0.5381742252363773 -0.14174262049371608 -0.06395403717297392 0.27252788473494954 0.29803591069628776 -0.21409992652220308 0.5279897078646375
0 57 0.056336181354313127 -0.03084165588853302 0.05192156147506959 -0.673649182946119 -0.24375998773002924 -0.04359391651174991 0.19208849109146173 0.28614515063644946 -0.36079197601510227 0.732013513377363
0 58 0.08955175652721138 0.012657122317333597 -0.009036328146219562 -0.44217763228278495 -0.07197305026105638 -0.06803919268661669 0.15638998117467653 0.12684965535292306 -0.13512599509775483 0.3295940463380232
0 59 -0.041988188231315324 0.005622826204830956 0.034243788349164445 -0.09203808864267696 -0.09481095391729819 0.02073833005729476 0.03773116059809394 0.050834737900814254 -0.06743823184111303 0.09056694901666122
0 60 0.03489895271561688 0.0693755069395467 0.12376789273976956 -0.19753122727429706 0.032254701739756066 0.02734854728423434 0.0764869014803045 0.10491639012499736 -0.010662623154319817 0.016189431081073537
0 61 0.1493874407394794 -0.13792904203317324 0.17589033676257598 -0.3944122082577184 -0.10867158758081422 -0.1230442790960699 0.17319317484869062 0.12534440445118286 -0.2732927356248964 0.45512320107656246
0 62 0.07803855209523188 -0.18720552616628972 0.1308957677111157 -0.7386686793865053 -0.18137474756660735 -0.13638092081074996 0.2971415843700009 0.22429382330362937 -0.2940404440681889 0.6736821925803816
0 63 -0.043507808794675536 -0.04935220436185087 -0.0075530234480347775 -0.3832384926673168 -0.109813749645671 0.012441548892171968 0.08798241514592205 0.059244083037131176 -0.054857884105591996 0.35520046361800756
0 64 0.05948545430106291 -0.09487192416089965 0.08338198515227084 -0.16123507048201288 -0.04393895842259068 0.03318150518060277 0.13894364349756935 0.12521789518110787 -0.018705312131778805 0.10755154675319234
0 65 -0.07121665246103044 0.08283614017700736 0.0676557380394124 0.07475389523881613 0.016750021414141177 0.012350254664526992 0.012062109655828516 0.09438303894932319 -0.02026712735519051 0.024983765784991126
0 66 0.06345335831488527 0.00921998756043357 0.0782438057065038 -0.06377668975394153 -0.10113843702019391 0.03349503900422697 0.09065322694936497 -0.017866148652075607 -0.024303836895855434 0.04110983844344412
0 67 -0.058857732360990386 0.025799443963710266 0.044553441351625436 -0.06284845467986053 -0.06812647004975551 0.010807777912594648 -0.05944500883337897 0.005900286691601736 -0.04664599861811068 -0.055974558952672206
0 68 0.04545445132452859 0.07521533083921546 -0.0022927537607990702 -0.05273864582515867 0.0034367884899185507 -0.057342586589101144 -0.09709202685240503 0.06947648190143636 0.049229786968573844 0.06836524556251916
0 69 0.02980271228585622 0.07273245833572968 -0.04443010792335627 -0.07540943298017519 -0.008428188377587935 -0.030472890469748572 -0.06822133905210002 0.06665260539607475 -0.08031829868708891 0.07904302282410249
0 70 52.37241387719944 -75.08804172940249 58.95163672239236 -399.15505334445976 -130.5975468314294 -22.922322888543707 145.26013638426167 135.44614571627662 -184.31750197055015 361.20490865873364
0 71 4.579027986722728 -8.659146053852904 7.1074870723599695 -39.94405684651756 -14.467555610695918 -2.5069116602326895 14.329936974064877 13.873206348221096 -17.351566238784407 35.45993151104423
0 72 7.092752279762661 -10.665017763238357 11.343894615802586 -64.14210810243354 -20.98741602612281 -3.9775256642187538 24.75011892112537 23.715588942035282 -30.57435056925026 60.60362769223588
0 73 4.9741061658104 -7.01289046421978 7.0289085334118395 -35.74443625616475 -11.994690013242788 -1.8446323113189595 12.31817338719384 14.054979521833447 -15.974768202343116 33.23530386546173
0 74 59.696057530814464 -87.00689407815119 70.18841781011884 -465.0420307305201 -152.5614038197893 -26.916092450055544 169.62161444179497 159.30277215719306 -214.87213539121194 422.50657863589544
0 75 19.56200803750759 -33.940139650877086 26.54314619289301 -195.1598311719195 -65.28388455039139 -10.7359689017821 68.51728606430784 65.80138897991685 -89.34696545389406 178.7912743239051
0 76 1.264293096864201 -3.5573051504338937 3.319055942182917 -18.34053816913543 -6.848585247415841 -1.1873599520201616 6.532298179717747 6.46181451035239 -7.78827307016502 16.161860265144778
0 77 3.1145730879991924 -6.343766878891702 5.919751821703466 -30.047757226411072 -10.780042715399743 -1.5172071502314162 11.260957784664209 11.502092481898572 -13.24282595447128 27.418902987218743
0 78 1.5958356171438461 -2.815080806411454 2.7636216671364005 -14.607803707966347 -5.030134623001675 -0.686297706924008 4.976665863319925 5.59935702131911 -6.426187889496468 13.410246779182417
0 79 22.52534747369192 -40.52316920899591 32.24845392031696 -226.6101983550319 -76.72362664920232 -12.058528988486623 79.38609324553305 77.52509177966047 -102.86518563826156 207.0153531295087
0 80 36.80000022223933 -48.666033612831846 37.32837988549896 -261.4498805364038 -82.5889160891134 -15.591275727694388 91.8299861737709 87.41838471696647 -121.01534632841579 233.04035649346181
0 81 2.9073178845129504 -5.374679549640237 4.454399444129566 -25.38203903821994 -9.298033431846221 -1.5705344790880345 9.039449633792279 8.782908136223165 -11.116715449281758 22.690277872849766
0 82 3.2764194040724375 -4.609553841529446 5.378471008024322 -32.21077728643295 -9.568583890688286 -2.476784934130472 12.788568276133736 11.639522693191655 -15.736920842201727 30.680005435566713
0 83 3.008169880786573 -4.507778569350593 4.66783271848544 -23.343081498651333 -7.606867953685613 -1.2118804983887714 8.045852147541396 9.288724729255941 -10.486561556177348 21.82271189366142
0 84 41.03454591152402 -55.68894510454296 44.050558539505325 -301.4138461036654 -95.62776207887677 -18.315777849987672 106.93168242904419 101.53906308207505 -139.7051861073528 270.57309701487435
0 85 27.607318967166485 -42.30734366624051 32.94528979967587 -232.00921293060722 -75.4306560411043 -13.474123118599248 81.90316794961456 78.1101513867192 -106.97799006233808 210.06212313072777
0 86 2.129241892819434 -4.570738621322048 3.8768578792498594 -22.207834715805642 -8.190228960269705 -1.3932389361395277 7.941120948249486 7.704669914763155 -9.632098281408178 19.4833476906179
0 87 3.50441012087184 -6.0802019622921675 6.1097452662845955 -32.51335488988044 -10.974107012683042 -1.991816954402645 12.50094819950943 12.259838693451693 -14.818806500630432 30.054210355834787
0 88 2.341801275094858 -3.5400795721470972 3.68838113269893 -18.957008562484923 -6.269808280633265 -0.9909926178042195 6.4067303805172395 7.431450451712141 -8.334022855742798 17.527904562836888
0 89 31.43243709583516 -49.488941133186906 39.55551341530055 -268.7153987205575 -88.14527018277202 -15.514910760178887 95.1382863157426 91.40257601705488 -123.36883579123919 243.5103237293628
0 90 -248.44862586890847 2543.97439888993 -2160.709204391374 7228.841988762539 4776.314620629644 -567.2188682616971 -3516.358953582427 -5665.3659979027825 2267.9017434017633 -9763.254992708778
0 91 5.918339351837557 -1.4545283463390657 -2.2123416043384703 -13.809445510741448 -1.2164359925354808 -2.2969049706009286 17.770904511174248 -13.826295103525467 -15.88884745705065 22.150361059362663
0 92 -732.6055547097793 2209.482291795521 -1439.9637064631518 2568.373934401149 1707.8489419566824 -310.5150465873731 -463.1632455025452 -1470.228439940068 167.0651339343435 -1285.749915229697
0 93 2.7420308363408203 -3.158628059710121 3.808802095248029 -17.83237521776194 -4.820287060578882 -1.3562184231555843 6.683578276610807 6.929660477759471 -8.771815110284663 17.366148050497422
0 94 -988.844035293719 5057.9467428627095 -3648.4544685115725 9552.116536027243 6509.24127320946 -1004.7889957072551 -3678.753450706545 -7002.6505574978 2123.9743025964112 -10486.047402834689
0 95 0.07937447061899976 -0.3402561624596523 0.18651520469040886 -1.4524747869040033 -0.38017809918728884 -0.12079739105443492 0.5049470561699826 0.5267986471950737 -0.6879035141870606 1.329002185140664
0 96 0.06654951269544215 -0.28548828335180443 0.11252678742813672 -1.100413039924664 -0.45299782434950797 -0.052779931215756186 0.3523805582487639 0.4476433678591147 -0.5632500036053436 0.8695798727694699
0 97 0.38407658872402606 -0.6303875063400991 0.588082581399323 -3.2472612402147023 -1.0712380602519702 -0.15769386925203413 1.1270061604591373 1.1927597238762333 -1.5997809919606767 3.0834639951259297
0 98 0.1443367395184115 -0.41911917855700387 0.34085718312048807 -1.5443929474493658 -0.5571573056576354 -0.07193722999202996 0.4533736503576054 0.7462951308635046 -0.6909497744305831 1.414284901800158
0 99 0.13168427725984416 -0.20383443849670635 0.25106598331602253 -1.5145586399072193 -0.4990147801572446 -0.10209824738876452 0.4926348179733442 0.5833696372261049 -0.5946778360977206 1.3870759918636788
0 100 0.23638854201754347 -0.15644251643343351 0.17454464001190878 -1.0163242020167451 -0.282433787326585 -0.001952192227330914 0.42570303997424214 0.43641490510984826 -0.580740193529044 0.9614864585980976
0 101 0.06268358714200065 -0.30997430659509106 0.18566588985110186 -1.3207738066092702 -0.4416008151551194 0.026040623362846106 0.45080319460760354 0.38069170033350797 -0.5640851110282668 1.047868425031115
0 102 0.28146478510887274 -0.5380904562516118 0.6402575474858937 -2.970534378052516 -0.9416445473109634 -0.13138307838171925 1.027266239948237 1.082422672112911 -1.3477244720296089 2.6675070020585587
0 103 0.2523322128580147 -0.49125300339521477 0.44731581054288416 -2.0321188766008187 -0.6834988689357131 -0.17428525876360454 0.6418083461032431 0.7705832101422334 -0.8371651670978983 1.8399149880947165
0 104 0.11784437954904517 -0.2218786015598349 0.24449267998951066 -1.1890948977728484 -0.3061445206107573 -0.04718460471197968 0.5177189993021892 0.4732417998188416 -0.5738511999891084 1.0206952427230926
0 105 7.570002330434606 -10.282128068852547 9.798895792505359 -51.8008010187305 -17.177536677823884 -2.932152454243585 18.7587237592338 20.334525880516424 -23.60604116706581 48.54458683690354
0 106 2.603264855704894 -4.687373879771754 4.145847738026635 -22.194787077366804 -8.186388076984745 -1.4403873706747345 8.219019538087746 8.198717264584818 -9.831700101983676 20.171975278545414
0 107 8.174932610314311 -12.050305846832561 12.304909754122168 -64.92219275040395 -22.245228263355056 -3.567195698185735 23.898475740029014 25.391732658166 -29.81654989395092 60.76115095171004
0 108 4.690470212626968 -6.802365589259778 6.956446569376477 -35.04567222962047 -11.728740225283053 -1.884251475749027 12.092072716756492 13.985736226791925 -15.677869991645634 32.66174254885068
0 109 7.5843857090939215 -11.055736554199974 11.113985631240798 -56.50453162248786 -18.69000690404894 -3.261302727764182 20.630817036508294 22.244992171919893 -25.92116244625403 52.817299020999755
0 110 3.345636702797373 -5.741048799786289 5.436381806231927 -29.07670526931904 -10.370650860326966 -1.6914846380953452 10.168367929863884 11.43442908715849 -12.914923315285296 26.436266677483186
0 111 0.587044383281362 -2.3657996053707993 1.7100068214539297 -11.0559689674889 -4.5303432513519954 -0.8231250732103137 3.555219336447454 3.6777156982368435 -4.7166285291096335 9.313839770610695
0 112 3.685286596478933 -6.296586348607488 5.993483973257935 -35.24793589140209 -12.785646687801083 -1.9276744563612283 12.547881955587185 13.217789106950145 -16.042629820434904 32.678758643750825
0 113 1.5773288350976833 -3.2723572599778628 2.5465780777277573 -16.04884982066156 -5.976515172219496 -1.01397394325806 5.0399553168052735 5.67632334214194 -6.929671450109345 14.313253659733762
0 114 3.522230453542826 -6.223457016834543 6.042371449978615 -31.9781848849399 -11.296810055188262 -1.8958228980620606 11.15234783537803 12.597901820803793 -14.227479693331079 29.167514318370834
0 115 1.9410320832149872 -3.914574049533148 3.1534686236320844 -18.795277091998308 -6.87035915754241 -1.0651759166585943 6.39455115286543 7.070953855591817 -8.261050516202049 16.929330009042747
0 116 -0.2568636983646244 -0.7996771542602042 0.16485045161850106 -3.9352949513251625 -1.7352134968903346 -0.3712567159823449 0.9103065405449582 0.9987810160073978 -1.6317338908685395 2.9427705389834653
0 117 0.6006009172998384 -2.0678601947232154 1.6206260257311782 -10.89961435260244 -4.253964911688413 -0.7564523747206208 3.7243932047776056 3.8195619331042363 -4.747242768025977 9.725530436940224
0 118 0.1335091237625258 -1.3453082662479836 0.8258066076840128 -6.948719571382853 -2.8519825072306393 -0.5831283902904214 2.0523542750012247 2.1661130176566767 -3.0328616628880027 5.749588743745469
0 119 2.0171714457733128 -4.253380937180512 3.5558303419242456 -20.37544445842966 -7.300730394532464 -1.2694969735314283 7.046254356233742 7.643797012379623 -9.111614061139722 18.383984268857564
0 120 3.2194942435286418 -5.424562686469392 4.986085538465447 -27.697687557301546 -9.991414999281629 -1.5945092066279283 9.61717410132639 10.960525380281751 -12.310912381163611 25.296988411054773
0 121 0.784256350729189 -2.91131663125929 1.913367034774481 -13.477840252185286 -5.278285298334032 -0.8569750565500472 4.4135495351649805 4.392760130078295 -5.695324635609015 11.491100180839588
0 122 4.803228892550663 -8.277284767228569 8.032012401334923 -46.37560613735031 -16.651435727044827 -2.502898594793119 16.603072428796747 17.596450874969012 -21.336377642761637 43.092538852245866
0 123 2.1799059097624887 -4.127311673989924 3.250841073323878 -20.99326460787181 -7.834946016567857 -1.148237299016684 6.671251515672568 7.501497019808877 -9.23479045859787 18.660901149486477
0 124 3.3426291286119625 -5.945595139425407 5.734378795536684 -30.401081872196393 -10.876726795815863 -1.7383408587189684 10.621917111819089 12.004561626256024 -13.534626355222011 27.88661158062509
0 125 0.08564525343599359 0.14111871578973553 0.04821991723185304 0.22128615087584377 0.2070432102805633 -0.058359917455269986 -0.202846903917559 -0.035355464139736725 0.07801499824507813 -0.21771577297873493
0 126 4.165375621115446 -5.134815925263192 4.873223765372394 -11.300460485212778 -2.602588881245209 1.1663511465438354 2.5973507859192084 6.383532652719274 -2.77038317398409 8.890009528736224
0 127 576564.4781754748 531927.012771394 318527.3474493644 -195264.11736043124 -229683.12078031452 -188591.2354599705 175494.59336899588 507012.83788635477 80253.17859801163 -142871.00227085614
0 128 2.306368775477235 -5.381740126236691 5.085063637449892 -33.51659191143115 -12.800373659484961 -1.6010088833851281 13.12811312012882 11.992710513589536 -16.130680453836224 32.18019829830111
0 129 -771.8491830707063 880.6221505152695 1530.8587412665188 -29216.799289009054 -14324.52811764602 -3677.101075711034 12310.998555939155 9587.860966186183 -14931.16336057746 29366.56421200197
0 130 280.5679968763072 -1198.4936077761427 5446.219125276547 -34604.243954879996 -13996.16732188375 -2617.066019158533 13767.243402670285 12688.594717139025 -17740.113240663984 34094.64578385234
0 131 -2.7365813638926104 1.8251699087014488 -3.5596102892463155 29.88559663091712 12.847070623548444 1.4507314982997106 -11.867602215431248 -12.137006401425818 14.44108983200469 -31.273801402188163
0 132 -3.9765622117116046 6.520968882964693 -20.05253883208485 92.86667638581805 34.57007870088852 8.953737060007038 -43.14461523980204 -37.120447174193366 44.982154050959274 -92.18154678048772
0 133 5971.0293338947295 -13430.19050372541 3677.9848971541437 -23686.226428765138 -11608.012865765988 1876.5186416462016 6894.498789145368 9095.785935198724 -6252.579817994922 18131.74123337295
0 134 -2247.9448166885936 -318.54294256249466 -2190.174288239103 5522.592078816848 3150.6180864857397 459.990306462475 -3433.791470603228 -5616.886869325858 2398.9919935238086 -7773.265553875849
0 135 58481.02682560466 23361.206016529937 -57332.199870131575 -192044.30267974528 43706.06501094739 58676.423986812304 -52789.17885128522 279736.3373686231 -165167.46270958887 467053.7183004941
0 136 -0.08489022028363574 -0.06193008562631191 -0.04237611365424107 -0.03958909685838574 0.02987150220745217 -0.03055050828734642 0.06778274675943308 -0.0753607449554282 0.013854936386800345 0.052551061566150754 0.1869136654064368
1 0 0.22471580795290916
1 1 0.04370977812706815
1 2 -0.07928374575443208
1 3 -0.08000126159179215
1 4 -0.11517620231334215
1 5 0.13641084350240595
1 6 0.016078693784619253
1 7 0.07303243718472413
1 8 0.05951733908986076
1 9 -0.07140872157976891
