## RankNet
## Epochs = 50
## No. of features = 136
## No. of hidden layers = 2
## Layer 1: 15 neurons
## Layer 2: 15 neurons
1 2 3 4 5 6 7 8 9 10 11 12 13 14 15 16 17 18 19 20 21 22 23 24 25 26 27 28 29 30 31 32 33 34 35 36 37 38 39 40 41 42 43 44 45 46 47 48 49 50 51 52 53 54 55 56 57 58 59 60 61 62 63 64 65 66 67 68 69 70 71 72 73 74 75 76 77 78 79 80 81 82 83 84 85 86 87 88 89 90 91 92 93 94 95 96 97 98 99 100 101 102 103 104 105 106 107 108 109 110 111 112 113 114 115 116 117 118 119 120 121 122 123 124 125 126 127 128 129 130 131 132 133 134 135 136
2
15
15
0 0 0.09895156597004572 -0.09206007466746735 -0.034873766132464554 -0.06375342933480428 0.09843380654205822 0.09693193850899826 -0.01993292594720507 0.04998279351633545 0.052742774589798154 0.05162112676093283 -0.0862858946821563 0.034423874200419716 -0.07499406144661884 0.0806736993507016 0.0637229721886564
0 1 0.06707720311572546 0.0086849355358387 0.028682967746713087 -0.05704296050677613 0.07061710935314856 0.07412548890993216 -0.08079825778937558 -0.07045129989608526 -0.09111665646830533 -0.0808179341966813 -0.04963125098693382 0.023891028738091378 0.0942824404101235 0.06344566885197474 -0.020613139052018
0 2 -0.035533683479031485 -0.0035257116996911067 -0.04256617627527473 0.061017698580888256 -0.05283312865875493 -0.054864491129828545 -0.0617630096818506 0.020244560881691437 -0.018348928063367426 -0.06956462174141108 -0.09237951920316588 -0.06579813688638873 -0.055711439613986634 0.045907325492232025 -0.025375836761617372
0 3 0.09868394090172095 0.10002082685146355 -0.020551897133748723 0.05151930417818436 0.0338220812947076 0.0141959928432677 -0.0300197144208034 -0.10069376688595774 -0.008435998752101007 -0.06495103249526198 0.07910266604203989 0.07185104409695878 -0.06601136411525584 0.030007478473791708 -0.043947234703480505
0 4 0.0943601869703839 -0.08585036610913074 0.010905556642176614 0.017476194151783638 -0.08389984709969643 0.02058797240240136 -0.023246952230242993 -0.07502858036159477 0.06131092181280955 -0.019245207749566628 0.031088057973530998 0.07897568056493062 0.0015189631760558905 -0.07241811688828725 0.004976059505931648
0 5 0.030058848625686543 0.0037194152825907718 0.05943309373405823 -0.07326741067762271 -0.05864610286122167 -0.004360177238309747 -0.09585771248852976 -0.05688839950742614 0.07659950068860787 0.08402555211390286 -0.02697812955099038 -0.08074270502974616 -0.0771684496205971 0.01653424389218074 0.019606714652656124
0 6 0.09671357688067132 0.007414586774579829 -0.012778053906896193 -0.051421079811156546 -0.04540697857246797 0.04511209740443692 0.09986182708421296 0.0446282293345649 -0.08884250218372984 -0.0523234927903553 0.03662994573838383 0.08787412256176307 -0.022162262284837315 0.09756116256972538 -0.09731160159100145
0 7 0.009080547850875063 0.048857719096613586 0.026855151972127785 -0.01384638805533184 -0.07072299171342383 -0.07986392782367442 0.021831564987049783 0.023016170001756805 0.08885384074121451 -0.022378645890143795 -0.0070550366151348074 -0.049527525002942704 0.04435685636533969 0.012258677979216854 -0.056655655545884656
0 8 0.007990594198965839 -0.01562326873890376 0.009626432138342227 -0.004729061527973227 -0.054395961983881136 -0.013241209344323313 0.09401199303024468 0.04611213616829226 0.09578207482134465 0.07430447196832876 0.0347028415645205 -0.027253149199379337 -0.02132858355202562 -0.09629886553590865 -0.07763857470213222
0 9 -0.06625484666966268 0.04935773744622616 -0.09237196479181675 -0.022011800824940368 -0.03170928718140656 -0.044219939148129106 -0.03135181994942135 -0.09718864833371169 -0.030801983493124768 -0.06574463125801466 0.05679971796659955 -0.047852173275087014 -0.08583936294355973 0.08061184495792623 -0.0885759189477585
0 10 -1.3236246016214652 -0.19781645507096657 3.4349429278139927 -1.2323877422123342 0.8868607686538195 0.7286980891880935 -0.4261309046405652 0.5184273102219693 -4.186285315792595 4.994395501339112 -0.44085710153497576 1.425580694722659 1.2979524365939579 -2.3400312119163442 -0.6051980214700151
0 11 0.02695951711015366 -0.08162805225259605 -0.07918692687809237 -0.07117751852200366 -0.10329436880531001 0.07267612025266265 0.02167684412795119 -0.004824697388807006 -0.06986430592910187 -0.015826688400721805 -0.02813096710580202 0.024000200386592372 -0.09381797257768128 0.07161128907657054 -0.0563050417066957
0 12 -0.10892828130175987 -0.061592201519926074 0.08965570882850625 -0.07301826112115702 0.007603448184786447 0.0427321452608153 0.051830025932033306 -0.08145331360690262 -0.11203281614824355 0.13109580269724963 0.022404846033562586 0.10984532160456698 0.023360607623190588 -0.12447981990836186 0.00314583438144787
0 13 0.0042574771318850116 -0.057599627588139336 0.09667783221879597 -0.0753257485248194 -0.08740089121519481 -0.06923072540877297 -0.06894939524574333 -0.06662997413926597 0.07690880458993928 0.03705778024873337 -0.01571688920595955 0.07276096396396678 0.06438674504945971 -0.06530014216437996 -0.07574408791569942
0 14 -1.1986668991383695 -0.17015608306299404 3.443248306941691 -1.3521142492635698 0.9706032500774061 0.7080323170591096 -0.4337480920289213 0.39905525029279776 -4.19555943671714 4.86166330890596 -0.4670367830374114 1.289559253016835 1.4090048291199198 -2.411117036065629 -0.4675360459890899
0 15 -0.08064785292599372 -0.07882827941758278 -0.031359108824093006 -0.09280711394308463 -0.07406895663686042 -0.08382152169887445 0.07298865383704813 -0.015000607857244636 0.060426417128746315 -0.07380196865142799 0.029033110587509913 -0.06562508140385567 0.030866321274174758 0.061466541641381635 0.07697564119416002
0 16 -0.04400966345820894 0.03174747025863039 -0.0736104692821416 0.0822792969186422 -0.04525947218942118 -0.002827885329776398 -0.08731564758444664 0.031308842026178216 -0.07466352629062054 0.08505488235278753 0.0603693631159048 0.03912164653066234 -0.09428322532274051 0.09422040930719294 0.02888965269536533
0 17 -0.08313774717438041 0.06180078385438258 0.09916909787329976 0.06270499603668893 -0.017775433195765793 -0.04746586414780649 0.07639034351993285 -0.09878126144482902 -0.09626109347093707 -0.08928876014093376 -0.025996139418817264 -0.055745854146757715 0.0217819932140102 0.08262280531931643 0.02461414802733206
0 18 -0.0390341049393816 -0.03473296711668963 0.08669134784566204 -0.042322571789203824 0.030696092357120956 0.026607485792791225 0.0832138816098957 -0.014522289954518448 -0.06960319382647022 -0.0961959015215973 0.09547842609465174 0.06599190245381055 0.06158833271716578 0.004798569893274347 0.018955961346681035
0 19 -0.08956771167939855 0.09921845081868216 -0.06664198954390198 0.060228710027499015 0.05924448039919902 -0.08038231027552556 0.03651035797828778 0.056913213432461966 -0.02057959723752055 -0.042440872514227734 -0.04121701503213703 -0.03793590578462585 0.026124579408118367 -0.006942236900952688 0.013356675916419928
0 20 -0.004052985635335162 0.10436934257220387 -0.19791189379266164 0.11340986179574965 -0.02901211481995338 0.04720881164020144 0.03857919588967644 0.009177498881981803 0.25883842969576976 -0.2878167261279799 0.119704700021637 -0.07298534714221347 -0.15693703080710505 0.10501904814044671 0.10084071924462422
0 21 -0.040938256688082486 -0.008351163998831053 -0.04675011693477483 -0.018879801710779093 0.07662426827380557 -0.0026982429040554295 -0.029548578278513336 0.055052725897909945 -0.08079560385980647 -0.0944642735556817 0.034837074397562735 0.02632626433713785 -0.019268712463974946 0.09994962524626777 0.0505349262784839
0 22 0.06893054521437457 -0.06621149690149884 -0.10618439657970187 0.08453022764795876 0.06469928610570948 -0.1027386205586723 0.07276887079837513 -0.09496648478283222 0.11046390808550755 -0.08959330752269604 0.0057004232457208365 0.06159182306217026 0.04693576528920598 0.07972325090932887 0.01463601815736183
0 23 -0.0381637192016659 -0.0805459077741196 -0.024812383461059597 -0.005141475316135075 0.03026693368897185 0.09437403525404228 -0.049851562994808814 0.09451633762348483 -0.0783442061283445 -0.09709838570103847 -0.004340671040182118 0.07160447551401236 -0.0014846940319376241 0.06200895648978898 0.09886860798924207
0 24 0.10716986775882481 0.07922664733288871 -0.22619401775402165 0.10979849740147463 -0.14619382419173196 0.04143433999738813 -0.04153387834520168 0.026364345922273182 0.2758186719650811 -0.25754085284525147 0.03339736588525498 -0.07511994693805414 -0.021381562132976224 0.07121931586171226 -0.04999715458205791
0 25 -0.035567714308469126 -0.036995561821525774 -0.06119888160033469 -0.010587206687378413 0.050978546295121614 -0.020664877301894886 0.054203047942005825 0.07187531437202566 0.1137144309382379 -0.15710226311483758 0.09658421978311552 -0.015100875987587888 -0.06736242818481206 -0.0045379609597360005 0.06429777280254267
0 26 -0.019605724081595378 -0.09613901337337454 -0.013922920985735034 0.03180741595356398 -0.06496023406031823 0.08583876359957543 -0.03541792652246387 0.03580520270346067 -0.035002979990575035 0.07112675380276887 -0.06727133972049877 0.04825437801271795 -0.09142314642566873 -0.08803988722718246 0.03218652986910353
0 27 0.07712946342989765 -0.009677226297608576 -0.005136786227136737 1.8786056246780387E-4 0.0057247756730343675 0.004363224597294394 -0.016950512074565865 -0.07474648223054269 0.033092856451474195 -0.10937117565828436 0.019786384920322055 0.06394226661068779 0.056567945565038386 0.10023249202002625 0.07789356871608938
0 28 0.006164207137147498 -0.04208035915043513 -0.06864511568257846 -0.04227798005734099 -0.0156305321897469 0.03458200610081394 -0.07412859392268029 0.03991537362252326 0.053255897704334615 -0.08885719382963668 -0.035749846015534714 0.09055068618568732 -0.07185618577056734 0.05356491803018478 0.007482893106404312
0 29 0.0110153557162545 0.05214462322969425 -0.17439144843652257 0.07707983529026813 -0.11856629004531127 -0.016122681031820928 0.03973365638703145 0.028093105981470808 0.13085726543354956 -0.2431898652930143 0.01676404094589087 -0.035304945860001984 0.033272779516475975 0.14972513348096994 -0.023757663960851882
0 30 0.07610367671434905 0.10019089334949828 -0.04849500853168259 0.027677550010693632 -0.07044182290396954 -0.030971255415457782 -0.018716107725310738 -0.10434913515153611 0.20532483874240728 -0.1809130189627512 -0.020950908309110377 -0.013175736365962844 -0.11371319541090216 0.09322000363376937 0.025412335239337943
0 31 0.0457290274456934 -0.053428402695587775 -0.021757440703298297 -0.054050180614039045 0.014170634388804495 -0.0754242319406647 -0.09397307680069973 0.08662278237506386 0.02364785735299299 0.07863405404839086 -0.06823319975820709 -8.398287441776894E-5 0.0648759565789666 -0.08251889035278179 0.06932766126648439
0 32 -0.03415946816020401 0.008823709673226142 -0.07672257009986409 -0.04085883136880595 0.0757255725306853 0.0799719920363532 -0.006459088369747933 0.034112630688591015 -0.0852810370875904 0.044973447223176734 -0.03424783120934871 -0.039140581035035336 -0.027870908557136607 -0.011849867861103003 0.03295275518023616
0 33 0.04181266085981594 -0.013227434744934563 -0.10017931617068858 -0.01219449263990473 -0.00847912958392295 0.06533366890276221 0.0672139097942753 0.07125854101672914 0.01862763298450808 -0.02698530884531243 -0.02987404492591648 0.04757770660149867 -0.027172327059401334 0.0023457220454460516 -0.09201174873794478
0 34 0.09690097768929404 -0.04194179377419531 -0.13935827513075447 -0.0296382595984434 -0.10082166891798731 -0.022227664458273597 0.0767718219699195 -0.009250761208966497 0.17107314853558447 -0.17820448247516124 0.10199080422163322 -0.058058220295503074 -0.12386196530259615 0.10434492682245022 0.059422330909800855
0 35 -0.028975726515145298 0.008051414856660175 -0.11158681246324115 0.07826350941424269 0.012333338545943437 -0.09103736946681601 0.05714362938596062 0.05399708413216276 0.1829278744415387 -0.18618482852653231 0.01708796854340271 0.00583629837696164 0.018327824782226738 0.16131704313183315 0.0930294734877311
0 36 0.05684800941611607 0.06861016197491755 0.0773130513128169 0.03255498069686188 -0.014465170542213508 0.037333379748606864 -0.09159779996488407 -0.028087169493301898 0.005574378627999197 -0.010558628641096099 0.06684073477634273 0.0586850640541353 0.011110081371775106 0.09119569869919414 0.08945822770531468
0 37 0.07366978234893445 -0.06157013233750889 -0.051057579024066053 0.012794331584644474 -0.0360557276370251 0.0800487515934919 -0.09411524493376114 -0.012739866974786695 -0.021183980784507544 0.03875925948618058 -0.04531655201145233 -0.020956566374781386 -0.029291447342589587 -0.04874565772710403 0.04047557365391053
0 38 0.09263044550880627 -0.0973153871945711 0.0015219006525558033 4.033971240508677E-4 -0.09453975779338192 0.0036963304772509795 0.027279848193109215 -0.08253967143354571 -0.0148206813818758 0.07879201865978261 0.012761982620448094 -0.020671756840954323 0.06586993374044713 -0.04197764252495077 -0.004101032841683714
0 39 -0.020405179077934998 0.04187571142436126 -0.19633923403610326 -0.049750874804730894 -0.02910908762288336 -0.040537179122425625 0.021646694479721007 -0.10662610580143904 0.21794522551341086 -0.14627710074764994 0.06799957085734125 -0.1069769675277987 -0.14721098558634277 0.10778909545215652 0.054448724185402995
0 40 -0.32894856942563044 -0.0632129909481337 0.8168127591197805 -0.4170177845961241 0.4516434409289268 0.34656187922303816 -0.11386125950199369 0.1964480470244245 -1.3804334256568696 1.025712656611033 -0.006671056230135743 0.3917518434304005 0.4517608989633271 -0.8735220086478277 -0.21957011880603772
0 41 0.018442643688330335 0.08925453383581504 0.04460845379080664 0.01660160981145298 0.011132048226218454 0.017704467870975477 -0.05852701698423043 -0.06687833062912914 0.03863574606684259 0.012221125529797799 -0.08846014190572865 0.01348115740655528 -0.042278722927920884 0.08114950150215845 -0.008645361657924832
0 42 -0.14959044015287123 0.03760044815969445 0.12018127259645835 -0.10068642860251883 -0.08524957046628942 0.09287941548938444 0.09422937679601909 0.06872586323058588 -0.05323744670497353 0.08682803838234164 -0.07661410593188518 -0.050938697571226925 -0.09947577965844574 -0.0211343627847678 -0.08485057653819149
0 43 0.09475232408622757 0.08347159246354732 0.08659660372834765 -0.04632085702646117 -0.027909195915175832 -0.08540148869171599 0.05629916693494231 0.04327002192466535 -0.037867067237496256 0.09479137884948503 0.052887111735130624 -0.094173238679942 0.07915941125870736 0.06401670987846396 0.047593992477829215
0 44 -0.48514982987573785 -0.027461680445121116 1.0558167538647272 -0.539035606351638 0.45337241707622145 0.2540714009087156 -0.03132137300055787 0.14466134599209207 -1.6873155445732713 1.3616235034871367 -0.09572164197939395 0.4211271282468153 0.45196855297355576 -1.0256347832483346 -0.2271153983325232
0 45 0.059031793515143684 0.01698345764014903 -0.015002027158596484 -0.039583144771883585 0.09639605526844826 -0.0036105646971468625 -0.013593838032879614 0.04025906382037027 0.02075424876027615 0.05665444429181709 -0.018281017394629805 0.0848438736315941 0.0332561781007672 0.04308816854007918 -0.07310680172776075
0 46 0.020658910759879648 -0.016366342472211276 -0.004915903070551708 0.013876354981046422 -0.0792436491498559 0.06887009891330571 -0.061440245750243885 -0.015481346259730487 -0.05157047335716523 0.02488147112348645 0.09342209331786767 4.247370171144567E-4 0.07008819902929166 0.0476947370058332 0.05480872392505807
0 47 -0.048199567635191225 -0.06125807294331298 -0.04346989948347722 -0.06699623769438495 0.09638713449278517 -0.06025767247908445 0.05063388883868741 -0.05536551077354306 -0.02761091684243895 0.006754002592053428 -0.07074987392678472 0.03288450543428366 0.039457027346067854 0.013205604108137925 -0.02476606212447986
0 48 -0.09537227453337126 -0.09471790189136704 -0.062059068289048426 -0.055914780348980425 -0.09723269141626148 0.018409464978220862 0.05714604314360772 0.04299698772799387 0.020529256463056162 -0.0978758588648836 0.016987487338537555 0.0840248046824588 -0.07671585977449023 -0.005029935770159427 0.0824485876794796
0 49 0.07570498476299523 0.05481078508004844 0.07821717408894047 -0.011914915979079536 0.006920417121350835 -0.03165773106893453 -0.038616104885020174 -0.04504175467070617 -0.047600973942428 0.0053915707718640545 0.09213526522923009 -0.0787172085603393 -0.03616375238976902 0.05590748847845564 0.07432389561090305
0 50 0.08671025827150727 0.08322083455197105 0.021975188448004696 -0.032382166478744825 0.07115834026101152 0.03621860703157606 -0.0180709867506919 0.0023981281242112834 0.02369541898271092 0.05371520689496835 0.04007870176670762 0.07956613148723518 -0.05356591090992962 -0.05898075919320297 0.06582534632228437
0 51 0.01258505750259065 -0.03041924266334313 0.010018609574259018 -0.02390786261441242 0.04597164246173939 -0.06514529606608291 -0.07773177337482053 0.00953372610765974 -0.0319722819788729 0.05557705437592752 -0.05141223755772084 -0.04244337064370058 0.07160930786206654 0.024916298520378372 -0.019916778889706003
0 52 -0.05682141149666234 0.09611154614897323 -0.035559436769248234 -0.04337587177443971 0.048015047315273375 -0.02365962396099618 -0.04203093824006461 0.01129274792034556 0.07333446523822308 -0.09589589832180037 -0.06961958140180764 0.025383187790033047 0.0690424228450994 -0.08232875150455879 0.04317934424885322
0 53 0.072229834313461 0.06255669888963764 0.02788840661985032 -0.028856553889602506 -0.03932983900428064 0.009739029369703901 0.04023971135077358 0.023682805221903667 0.031128710469298347 0.041166472422757214 0.07309563017239065 -0.05633759372406046 0.07246961887908351 -0.020923141427707584 0.011936275200159134
0 54 0.09787702457876504 -0.04897137216104284 -0.0015205932485733145 0.09911380338937867 0.08638976904086476 -0.021727139995436583 -0.00802689535841593 0.06324868325609682 0.1001989720208998 0.07210524454318536 -0.09193138065922418 0.031649349518082015 0.04394252058368178 0.08913811648417093 -0.05872835086329928
0 55 0.0038722832545625223 -0.05341389055979659 0.04554533371093149 0.01375187326191987 -0.040001012423619614 -0.03468241814451147 0.08301826445790263 0.025434448876623425 -0.07241764646549173 0.02397902807348427 -0.0623349475711895 -0.04525269377385339 0.07702099553131499 0.07329143996744093 0.09094237009467729
0 56 -0.09396293307499348 0.048721115474077925 0.011424588669890559 0.03765312554665382 -0.07258212496906423 0.02335052680810931 -0.007927862919869032 0.029812174582935263 0.017993761202632092 0.04085820338463875 -0.055964181134286105 -0.019886702554164446 0.09477527699058767 -2.1716275050672032E-4 -0.03054647729045251
0 57 -0.005667163509350268 -0.0942873152200029 -0.058249384433658874 -0.04880960229775343 -0.0853197023144186 -0.022509263916031277 -0.05620970544774665 0.08234392082084215 -0.03176098034654598 0.036890237267079636 -0.026747470258652373 0.09783372762915053 -0.07701979061434139 -0.07913424071575022 -0.03859130245270691
0 58 0.09803206627323274 -0.09151887885232489 0.047810561298944156 -0.06850174754578578 0.0665934769812978 0.08096674545988908 1.352950820609227E-4 -0.015346912030594153 -0.04426117600011291 -0.02829296798988275 0.07246050677381026 0.004730352614795653 0.08460298220491816 -0.061143425147746636 -0.05853771887695352
0 59 -0.09758313089587276 0.05502393299457269 0.02607024572114405 0.05574269577436114 0.044347153508696543 0.024320175030253972 -0.08182123735672311 0.08139900796387872 0.0800299965026561 0.0474732999277434 -0.009121481745709469 0.08417078098149078 -0.029916047815070235 -0.06273090780455073 0.09404755067121476
0 60 0.04127159764839763 -0.003454594726865661 -0.09823846923533244 -0.031096999825814466 0.07543913160526178 0.086829577907474 -0.08931420537500881 -0.07674565789182833 -0.006260224370659566 0.006053142040902446 0.0983000815247597 -0.08903668329356966 -0.08063025446863671 0.03546013193615803 0.02460231891438581
0 61 0.04175544935805031 -0.023192526807225843 -0.017724332840488227 -0.012709282060828483 0.06124984456461863 0.09565508569842972 -0.04513063358247599 0.05941962476757874 0.048406469418150334 0.03337891346386271 -0.09926632022303815 -0.03220568246459072 -0.04096722746977495 -2.149562156800589E-4 0.05024545069817722
0 62 0.03471740364317333 0.09120593452860078 -0.07424485334581093 -0.06840425438196165 0.061331578860306005 0.027316898886462417 -0.06634510294437095 -0.0505724508634746 0.010738130669943627 0.06120101159545979 -0.0771914145193471 -0.024030985934375096 -0.02236626925968315 0.003253048026347784 -0.0038400296452007665
0 63 0.06746382961406007 -0.004132835128697967 0.08347234881538436 0.022262014081418573 0.0654696431085907 -0.026535199605659237 -0.08904522444395137 -0.04851960047425109 0.03284947538374085 0.004960859823035885 0.06581494276012749 0.05912641969112862 -0.012331485349964257 0.07255435305370089 -0.0778394996982701
0 64 -0.0941618504143015 0.02099205789779024 -0.06715940036760666 0.060774512214926774 0.010226596236124343 0.011360245364818205 0.0642365523757671 0.0749296556741857 0.030372334203035204 -0.06848133639648701 0.05101145505864384 0.09038182414384592 -0.05924532563813876 0.01954949103006811 -0.046273148110678626
0 65 0.08875449751187002 0.038468920919481425 0.020015889829211105 0.09502316428308635 -0.0714656746719442 0.03346934004560103 -0.002033671711736673 0.021992803654142575 -0.07952309756180342 -0.058189951246172024 -0.013558932686620617 0.09199640557079235 0.07622332042081621 0.07679995808672672 -0.06608292860344847
0 66 -0.07973509027201521 -0.025262560759606693 0.024751463397449092 0.08763819485851598 -0.018284929810062342 -0.09872481628254427 0.044659008504940124 0.03644639156170127 0.06024465098278448 0.08308466400651104 0.03634562454266898 -0.06426986303631468 -0.0562831899495845 -0.01297944046953539 -0.08144224143268122
0 67 -0.03019791059696024 -0.02805402566167702 0.04975138318501894 -0.011987828551087397 -0.0581336424810863 -0.08773802825416105 -0.04208646699040549 -0.059434602225151366 0.09801076374293544 0.036888359560741456 -0.04868629346039931 0.037917305193042254 0.09950993136664221 0.05815868250614033 -0.077633200591811
0 68 0.08648457387634345 -0.030981468895833666 -0.09941905400588553 -0.09904849399983631 -0.01984434884061434 -0.08023599982855356 -0.03752045489237358 0.01680301296140491 -0.014277745140071765 0.05461062263147007 -0.00142313213550414 0.04325465453266688 -0.08612089220399657 -0.05776830019973347 -0.027939278154441603
0 69 -0.007014838727348068 -0.0036672794425282548 0.05771973028615509 0.021978210133558405 0.03778703142517967 -0.01063103360653699 -0.07684338995443248 -0.09354894638118623 0.014766369927784236 -0.028610656256569746 -0.028061869857854332 -0.0479889265623895 0.03534253051256085 0.049621835216147894 0.09354047253336284
0 70 0.2380346179982485 -0.053989069667103325 -0.707104505768272 0.16808683845445238 -0.3095131124612313 -0.15981945528291042 0.05075900379604368 -0.11031028254694046 0.9016291888529666 -1.0776212428065515 0.08570037681051515 -0.37499637341259534 -0.22435633204754346 0.46166306227704634 0.10524361709619506
0 71 0.093912054516154 0.0035572386324790564 -0.08476449473740201 -0.06125357239718031 -0.09791253283219756 -0.09792660348092053 -0.046284102493975916 -0.038278855021378566 0.10163211973760486 -0.17546475595929775 0.046039283727037826 -0.05415881940322945 0.05212747971481863 0.07935909616235833 0.013528578272018468
0 72 0.051424575376603894 -0.008168677897071706 -0.09478717567076543 0.10066398178987791 -0.08921876882526374 -0.09977634726061389 -0.05411690419193698 -0.09765407321646499 0.23347320638340283 -0.16333560209484926 -0.03439281045323632 0.01281538615765742 -0.11781002103716307 0.009354397591377978 0.10778255506569906
0 73 -0.029658061427630732 -0.0578479173229805 -0.029504087096518476 -0.012984073728200353 -0.011615541959430202 0.074819708095296 -0.05858438991309927 0.06738120438434084 0.14186231830425047 -0.13455638158603245 0.08299580258439397 -0.10602989539003325 0.036656573422592674 0.08563457580380832 0.01665403282790796
0 74 0.2742524452055542 0.0771972076293894 -0.8229015541138361 0.293754785274912 -0.3396517429249018 -0.1670454804530225 0.01186972899032612 -0.04610853120485647 1.0333661013086854 -1.1047277632551886 0.11449793364221338 -0.3592951773673721 -0.31203326817436383 0.5177267108155287 0.09927201473391661
0 75 0.08353992905053394 -0.025472322103671754 -0.3127907730409679 0.13908232565339124 -0.19481765882662294 -0.03518063895416435 -0.060899540313196804 0.04824917923623526 0.3563832718656025 -0.5476367592999065 -0.018938032279227017 -0.1594066580047698 -0.1343407208305728 0.29379442447111803 0.11121458301633791
0 76 0.06345928214854304 -0.05899154499820052 -0.08325299336492038 0.06915239520476722 0.033148572499603284 -0.08981200796700867 -0.04129155319016047 -0.087924096858645 0.032987135485147374 -0.00881798890928951 0.004912336936610575 -0.02466382260092818 -0.06282791706242394 -0.03632460694221973 -0.07609136560490505
0 77 0.03621926553454004 -0.03585600300521352 -0.05012766949555033 0.006815064915610644 0.08120354591935358 0.04072419135211817 0.018378246079880478 -0.04886537174562542 0.0752207961804358 -0.019184216492761415 0.06615696864837341 -0.11793164152216684 -0.10989706158415916 0.04274477123881431 -0.0025756991598469147
0 78 0.10164141139284036 -0.0852133994025079 0.0021315372050754403 -0.002798921097898572 0.04921165875948836 -0.07592440370907806 0.037414024124478036 0.009692869510774095 0.0759347969389176 -0.10063896649126498 0.07491474043349673 -0.0827457332255505 -0.07671566099596826 0.07721690838116706 -0.054259911098383254
0 79 0.1990866734555822 -0.07420673465021588 -0.4118884772927417 0.16072499386695793 -0.21031126970322445 -0.09493861982025285 0.022638713074429353 0.007381476441828046 0.5538359350608488 -0.4938046745467148 -0.059981188923859195 -0.12156484137694211 -0.08872968743691313 0.2517834651093226 0.04242169193069712
0 80 0.1141211895057335 -0.04920011987220983 -0.42447327757530456 0.1481761080389946 -0.08352313315660935 -0.16530201560294439 0.07538320610907107 -0.16170986884059255 0.532580958979977 -0.6324455924007758 -0.04095433079356526 -0.1450512384400567 -0.1505717684357925 0.3422148887550285 -0.01623252382537139
0 81 0.04722718382742475 -0.061685348021318726 0.008090931193035663 0.029145104697991506 -0.009604144262961174 0.044643418453682915 0.03808079598062508 1.1552049992118013E-4 0.03860568240270024 5.223457859862467E-4 0.08878437714137125 0.0720436781765174 -0.06170435282398316 0.025038438724862583 0.07599447881918554
0 82 0.07748451450227804 -0.01272366605724783 -0.052316837171966266 0.0328185695953315 -0.0013821128105665982 -0.09588235314905219 0.09568892638151101 0.01604485931469676 0.039796296505565446 -0.043134824962231394 0.02156252007870609 0.07544563640216105 -0.028937319270561816 0.054597136612250435 0.06313448009673162
0 83 -0.06891604990438334 -0.06868930148514571 0.028740988281424913 0.02846972472825626 -0.047611686225185974 0.05468538168843457 0.025161130707729004 0.09110730003499137 0.06983236714722521 -0.03129704654199728 -0.082763419921977 -0.02298049712917807 -0.08452019337419686 0.11374151331231892 -0.071302505170832
0 84 0.2050095453579777 0.06373341995953367 -0.5919184137465099 0.2585913752427256 -0.22333440851145184 -0.2201749924332828 -0.022694580020955386 -0.05338916303464141 0.5835891297763559 -0.8535487691795756 0.02903282530572451 -0.2923623446579699 -0.17668294357802042 0.4203841519761007 0.07112050851785903
0 85 0.10507398885448813 0.053691498670506446 -0.47774050698179477 0.13976592072969732 -0.11390449299361156 -0.12274047930864469 0.05579364312058229 -0.024948361123146544 0.45961869845600595 -0.573232521796546 0.018687399583627272 -0.19691662529629075 -0.08466304127175439 0.3806787983896804 0.03936039978782903
0 86 -0.07178018224054625 0.01446316309319346 -0.09661819110828127 0.06219913312850207 0.06050686812728274 0.07847252708128821 -0.07330800777663993 -0.10078797390895568 0.02664440808821144 -0.14211483110723586 0.06411117482711555 0.019378451046000274 0.07132509929239993 0.11864938803311843 0.01361196267985384
0 87 -0.025673454759575012 -0.056988555390388405 -0.10073868079146975 0.002981967933668293 -0.05218753159354644 0.03771948466942851 0.051234193053849235 -0.025746778841334528 0.06625244801379312 -0.10952248276583715 -0.024839693902636174 0.039545939450166816 0.014216120523815275 0.02536793075181977 -0.0028461796488296357
0 88 -0.03023951612972495 0.01999547334775306 -0.003446329125533844 0.07273831517629305 -0.007184549713420744 -0.049265618600512276 0.04036551869070566 -0.045992792248397876 0.04930143649742255 -0.1086376125240463 0.07584940072680374 0.017424847826991476 -0.10861354444753513 0.07534095252067897 0.03497736504395799
0 89 0.11328458724685096 -0.05697644582705801 -0.5117056856606829 0.27727599650239354 -0.11821806719087259 -0.08225917577434909 0.106600268376912 -0.04908097635096761 0.523016273288171 -0.585671775107948 0.10913855790909281 -0.22077446772241488 -0.16346691314081063 0.2759861528426208 0.08287855330401793
0 90 -7.00382739742569 -1.77195886773422 10.91275665669031 -6.8352069033288725 5.811824355065586 4.214407820811283 -1.958832375673578 2.0526182643383515 -24.45627639008618 16.414770821585584 -0.7793513895644135 5.81276606125531 6.3797829611881145 -15.582269719998848 -2.2318759566654074
0 91 0.0962452948762629 -0.06909827892779852 -0.01735547375255428 0.06822163086610689 0.027294683806338135 0.00430270532431104 0.06482336583449853 0.08120547240335899 0.023330386893690137 -0.027186523535061728 0.07597422509653894 -0.10494936889206104 3.384640949031466E-4 -0.0014961737155475853 -0.061408647118282
0 92 -3.199952504465917 -2.407350581687927 3.334826246984934 0.29882982422671994 0.43712149908510306 0.5407532521977463 0.09781700252239311 -0.06171467881191319 -7.669624504958786 5.665120424786002 -1.4986995453973255 -0.26228375582018915 -0.688890945024508 -4.804626760314081 0.8646606240941415
0 93 -0.017133763967265542 0.0017405187426566657 -0.09235139558300234 0.008289454479245466 -0.08644526614579692 -0.09528057703484952 -0.027943786861315954 -0.04443710320516853 0.04935336122099562 -0.048112412643992686 -0.04364467031989032 0.03373203539218747 -0.012035240533428146 0.04762117558974243 0.10052705162541486
0 94 -10.494313423060117 -4.724163114169823 13.993320611781702 -5.974846102270012 5.609101994781904 4.447631384456923 -1.7033234626513245 1.6982643423642079 -32.370774988068106 21.83866023895747 -2.5701022324490235 4.892414613281021 4.92760790831687 -20.62327032108209 -0.8512995944852617
0 95 0.09653837112567384 -0.04933036996942795 -0.02228297911476244 -0.06267698802716921 0.037634697695140204 -0.05072449745307573 -0.027753218253058248 -0.0779572412441741 0.0942262879970553 -0.03560899469397903 -0.026493361162747305 0.00762033916313493 0.014722768123068863 -0.03719055142719459 0.0021866982541609565
0 96 0.024132560464366924 0.018158700948438623 -0.09076990134507212 0.017630337119909016 -0.03777969561426109 0.09391032080853659 -0.05714025834290582 0.012697537300352245 -0.09613021590337638 0.07242511671484476 -0.015432882627310721 0.08217944334436851 -0.005212290646781738 0.0573864246135609 0.024858208438645425
0 97 0.003528835990118838 0.013526186215996931 0.03629027442371961 -0.007595144654070598 0.053122037988520346 0.04112198865946502 -0.0528827885164628 0.07396531905595394 0.025025632877733236 0.09086792407270258 -0.036671653866839 0.03507143644820472 0.03268468865287555 -0.016602720916718668 0.002531061233595078
0 98 0.016533723196678337 -0.03235673313304882 0.06977774556378187 -0.04666468383245373 -0.019026679307249578 0.04788739284703157 0.07629018225131066 -0.0026808655268677076 -0.047421021968448836 0.09326375308743858 -0.02353324924922127 0.059999034220124196 0.07669617625454117 0.09903547077566333 0.07443423703240921
0 99 -0.049415100221954014 0.03589980989194707 -0.07523875061378239 0.09563057918142646 -0.0647427261394319 0.04804269421822512 0.03411300286999732 -0.08057834161325818 -0.09161782315081407 0.037759332386531605 -0.036185276287306306 0.04332506227769829 -0.0892994384170552 0.010472001453802114 0.0034754549791083745
0 100 -0.04792495040520462 0.04942100746332652 0.05375387078227715 -0.0397807789361635 0.018513427469803674 -0.018692919394978875 0.09554369251435024 0.002661237203734191 -0.05640591407906939 0.07440300493000816 -0.04463690834707816 -0.08393634977098155 0.06972008735886039 0.0919751559690523 -0.03844223690777832
0 101 -0.06982436576911782 0.05824932579334691 0.09430183439608719 0.0515097712829242 -0.009908316623274526 0.09292935636179177 0.047627570240796245 0.08727938798865686 6.998784896255411E-4 -0.09648360519593818 -0.0792784342489776 0.09890984191992869 -0.05945241265104418 -0.07383349182245987 -0.028406193170186455
0 102 -0.03334250587710563 -0.046111489518000065 -0.037041393862246946 -0.03721427708368716 -0.049885026077566286 0.022151910465966578 -0.07663992923050435 -0.013469267977058398 0.07067780366633326 -0.05024615829310521 0.014862142801005642 0.0289755605595806 -0.09352250448798619 -0.0858694875474001 0.08996935594736682
0 103 0.03999360515436781 -0.06404859956652978 -0.09584195567713624 0.08394641366236344 0.012568181163150867 -0.007550616489057943 0.06440581786764722 0.03335558589675694 -0.06803120050210286 0.09022462417911786 0.0751600578896074 0.07492003571949622 0.038829058572247166 0.018644656871537452 -0.019847456606530173
0 104 -0.004522544414382423 0.001256820076451774 -0.005352090687632339 0.060960869886762886 0.09917475612488494 0.08111715000814838 -0.07910386162672137 -0.014653500372533308 0.07065275463598439 0.058251790716449627 0.0011808629463210406 0.07194696038505674 -0.08676470415935551 -0.09543049782575884 0.058827503247728
0 105 0.08219716877323668 -0.053433433095144846 -0.13518791666330746 -0.04547000781429632 -0.031124474984267587 0.0029761128425750735 0.01678045516026133 -0.027782139073524233 0.1923620828806823 -0.18462892738272446 0.03504272578582407 -0.02245363360375244 0.04690549526174819 0.03580125403020736 0.054386906966949956
0 106 0.04253980442434917 -0.022477007629653663 -0.035516143744656385 -0.006408368048256689 -0.0890580261442277 0.06553790698980064 0.058484754495787425 0.030935666645529068 0.09177313419091214 0.03146086672160746 0.08550139657659103 -0.08033234713471275 0.03539045485755585 0.029464411758795148 0.07781279505879315
0 107 0.09635584840625762 0.10031201992516336 -0.10618530688229573 -0.04917546647800757 -0.0018780199848420713 -0.09353669688781543 0.07997134605063676 -1.7735981158347166E-4 0.13694945586201873 -0.2518203126388104 -0.0836357536359107 0.008810871033458404 -0.02130401537451576 0.06752469989806051 -0.04398608036562993
0 108 0.0030195547732379847 0.013542683493388547 -0.08371532335071342 0.08607409447711188 -0.05062584103033457 0.004985351709324565 0.010675466285969897 -0.04821383524545922 0.16037158277451477 -0.1497537015499942 -0.06611948199501161 -0.03186062486412086 0.035185759357511046 0.08148869129233839 0.007091614783746993
0 109 0.06101772002173607 0.0943081923059237 -0.025435854993475487 0.0011255790813293376 0.06271587546732049 -0.03638260614234925 -0.07776052303310715 0.05848900444244374 0.057738049769232934 -0.20396798655818046 0.005814157190941885 0.02969615705030976 -0.06220952441350911 0.011234214010223577 0.028448572459616996
0 110 0.08633524605905359 -0.02389723852143042 -0.09254214381440237 0.0021306037408750146 -0.0596665564361419 0.05668204528157091 -0.08261541904969778 -0.02136277010854538 0.005839779065463227 -0.05715254244105912 -0.08237434251439656 -0.08706211479850451 -0.009773873519468502 0.08523827991862196 -0.021936246009152685
0 111 0.09269836121234454 0.06255361476117675 -0.05549703729474659 -0.06663567927446368 -0.01589413735493385 -0.09669049342535958 0.053454574447879356 -0.07912514258389804 0.02462647586565245 -0.10528491137420261 -0.013105029084884976 0.05912806276736208 -0.07538085500447854 0.06198391453833214 -0.07345386169924967
0 112 -0.05299020703731605 0.08904495012765472 -0.10573824753734708 0.014880719243096292 0.015773963189806416 -0.05666900351103816 -0.01649997112840104 -8.671797401586121E-4 0.07003624759230288 -0.1763681419900552 -0.07345807064089341 0.005216115321807291 0.02209214260324114 0.009673229377431501 -0.08368890380527626
0 113 0.042611026465757915 0.0037679775910933 -0.02039480840123608 0.08637839911374924 0.07271638940475926 0.07122155068207095 -0.0773205569842518 0.016003559538996896 0.08609617999969402 -0.046904219047515426 0.007627430789985141 -0.05544509522291007 0.08682516926007333 0.07866866545546405 -0.011824245756973254
0 114 0.029649789077474373 -0.011180297697112018 0.013099098650463655 0.08338221434987028 0.036129763247364874 -0.03480647808723338 0.01880323982875753 -0.10511076115285399 0.09767682454473958 -0.14198017351615042 -0.039243669175131154 -0.04105393685625519 -0.10225233901579468 0.03204181850487366 0.02152059092547894
0 115 -0.007927585954635843 0.053168932439757656 -0.12864162947442143 0.0867535646663674 -0.014784925526866263 -0.07721865777773633 0.09804391480608167 0.02509413206778021 0.04554235150653311 0.028147263744791907 0.003588401504187218 0.0784177480648376 -0.09841778847596719 0.04418808478085955 -0.04915060676036115
0 116 0.035689635256539086 -0.07395523421263096 -0.09310569908372314 -0.015539205032416606 -0.052741931161390095 0.07041130423048128 -0.0812839178917519 -5.591389203847182E-4 0.01352693946347241 -0.08493414806894678 0.05343431489226505 -0.06153110095306294 -0.03591710183690627 -0.009173324925570419 0.02807785626272398
0 117 -0.05556678876615614 0.08910566458040468 0.0812718574910586 0.06497299741712699 0.0344736616622297 0.08587970259396058 -0.04011968595237777 -0.015393920594069162 0.022415150513724905 0.05986690638679217 -0.058401503151317 -0.01821023953900851 -0.08044048619303557 -0.02052141217750599 0.04061093635020641
0 118 -0.061911105520036744 0.053851818598710924 -0.012568229345910035 0.020993655010904125 0.0030054277886043777 -0.07432053870650912 0.06342341899474052 0.049040784964283636 -0.06242110087046974 -0.0487139708831389 0.050070358669701935 -0.10420232057688704 0.005166426562441536 -0.03691092621551693 -0.014553655308526411
0 119 0.09402170171876038 0.0017091722019588896 -0.03727659992797786 0.1118328626634143 -0.0554930385147106 -0.08889573908493244 0.09185424543936244 0.06585177483278445 0.029487728876004298 -0.045985392120838374 -0.017883946391548087 0.01961722836589282 -0.054176288333801996 0.11130403792450075 -0.08167512541578809
0 120 0.0010695484821618066 0.05296619094308371 0.03640146252223581 0.04373687654569503 -0.04512799051217129 -0.06737961246278375 -0.05257984629763808 -0.016840852119757527 0.06657775769157347 -0.06687298652567057 -0.03677481417171276 0.04323303583119105 0.056990659854725026 0.0510635757771618 -0.06162825266028389
0 121 -0.027757493726828935 0.04325530661889145 -0.00610728107948806 0.041453443183643766 -0.06810115109551701 0.01838134282818595 0.012435621650812462 -0.07927416886117783 -0.03885291995417283 0.005853435502909989 -0.039810390698935674 -0.10408206329357415 0.007590219850437079 -0.07832178495153011 0.0715101469647118
0 122 0.048551842231182134 -0.0919011518673174 -0.07561212082316553 0.04350295766107878 -0.035754862859215315 0.07225783909779765 0.023011294955626146 0.03594101790919895 0.011260427008252829 -0.14508951640395354 -0.08944997759751208 -0.006556846205055013 0.03797199716710964 0.11491933281694916 0.07873707797617692
0 123 0.004125467203417931 -0.010990913715710175 -0.07390296777608348 0.08115152559537595 0.010042642309416965 -0.10668907426306863 -0.04749612349541481 -0.004186815553635842 -0.018296437350893223 -0.14842032915114758 -0.014155746946851828 -0.10617580480721305 -0.013496062289200066 0.035330958704691016 0.050627536322332696
0 124 0.0936388516971594 -0.023101583431813767 -0.006584776847975376 -0.059400091987574094 0.03633141002524028 -0.03260630284837741 0.08961694005774712 -0.06160657552216186 0.14689142309368658 -0.10511847077225164 0.04034872239244772 -0.1182514006149516 -0.05364310454834561 -9.172737522348435E-4 0.01747860283158973
0 125 0.05964685381058015 0.06257617188003323 0.03735309258025216 0.005150942500696643 -0.06627579850038487 0.08334853329488398 -0.0467196170629438 -0.01973317674412949 0.04600814301868613 -0.021921747788703844 -0.014018127176430348 0.02416878041733858 -0.027409367998194403 -0.07643230850077141 -0.06792990362188654
0 126 0.04242367259200482 0.04710658506381081 -0.04402793011176537 -0.08429949930813024 -0.025840577619017247 -0.03288762449480955 0.06207867229374484 0.05998537241051413 0.13006494736383498 0.026067891244251632 -0.09478155097966756 -0.0648346525617381 -0.0768070175860757 0.028325221090450232 -0.08984722621066035
0 127 27.358058402584476 -245.5296873254082 -824.4048344419508 795.5392365583614 -812.3831667795209 -520.1119308911926 99.54345188793451 -415.4837697774446 860.1026471968185 -1254.4142622016093 -81.75029945085713 -852.673402116166 -1007.6362450212268 613.5475494692386 521.2416756206761
0 128 0.03873334758255061 0.08335118060666379 -0.13385426473656528 -0.026290001206717723 -0.046948536949985124 0.01031560082239107 -0.01705578246483614 -0.06915374587024654 0.04057223210235618 -0.16531234627140787 -0.008542037474080376 -0.07156712003214981 0.004468924805969631 0.05992927908005644 0.08057925975095377
0 129 16.998693572037265 -2.3428657860116604 -45.3523710011834 21.51782686981295 -21.581883292772282 -16.79675812414466 6.249569894287164 -8.875670178613166 61.37639906493997 -65.12648559573894 2.131444505837792 -26.55513069624091 -28.903285570092194 37.14237849392322 12.053372072757387
0 130 22.449841443362896 -2.167097986489364 -60.24948526106555 29.626804801217457 -22.60666839541365 -19.084025831077902 7.043937344167883 -11.208476537749338 78.68993012874174 -86.1565730538262 4.933669757699908 -32.972504947327 -35.43267280052608 46.1396515246684 15.916545447599447
0 131 -0.0019808296763109447 0.01774512397190203 0.06662564290955326 0.0013075510966587271 -0.008350930961882528 0.030778289334517667 -0.0988250285782544 -0.07665397758636831 0.0016519522489125448 -0.017944007096934392 -9.392085786205889E-4 0.1182879279490514 0.01628590804772262 0.04307588116317576 -0.09265736955875162
0 132 0.001438766883370141 0.026970939249310003 0.16985702108815878 -0.055169869260343125 -0.004486640980555192 0.014719593559435138 -0.0023815925545537502 0.09444032445275698 -0.25441260247334035 0.13699382824311115 -0.08838119811169648 -0.028934927295215983 0.06408023708510784 -0.07322383366912844 -0.11987653454169607
0 133 16.56555876714767 4.987965340538743 -37.46546140642675 8.889040968471694 -11.010017395622366 -7.5427277538372675 2.029482302300132 -3.4740648043251703 48.277922077899326 -56.98419847221776 4.686923231520309 -11.541434372284508 -10.83065993186656 28.980214690177117 2.981007343524639
0 134 -4.003677432122123 0.3173301954289744 10.0863692433357 -9.246561647159657 4.974240281870736 3.7136992394884443 -1.4239179835554103 2.0426608143167395 -18.022929067341867 15.204077523544068 -0.5725990108210802 5.595640360892233 6.467618137641236 -11.204159659754286 -4.881725754411745
0 135 408.86370392029255 -312.1588731289321 -1315.8098295899674 737.0231776291894 -187.73427687042323 -179.9901705560113 264.59092629051963 -140.0436476296784 1477.6977445789803 -1665.2976434555485 13.606814476800551 -485.42624635855134 -542.2785738254354 685.3703338877273 457.7263431261749
0 136 0.042020720312879865 0.09143543883399716 -0.027556632892796494 -0.08187554286532414 0.09582738644093272 -0.08693684620567035 -0.003003094069418946 -0.009310189300378266 0.0419257250807185 -0.08461896371659908 0.018609284184400738 -0.08049324663392377 -0.015718234423637633 0.07052176476224095 -0.04331138529773918 -0.08147668102453709 -0.040291293237813844 0.029221427914875205 0.09748347280954532 -0.06905593911734895 -0.08570190733694812 0.08158041133383177 0.043830231655068816 -0.07129425228263661 -0.010982970292194551 -0.05125116241362562 0.04533695148013802 -0.03789939349833017 0.09404981469903967 0.013574042339822375 0.055138105676602406
1 0 -0.037760251854861995 -0.08937570475504499 0.052169404408976876 -0.04678297336322179 0.005309869424044746 0.08348843307751434 -0.012434528135920364 -0.04438364280548311 -0.02555559615460245 -0.07926771352457447 0.09239929791461825 0.04581438647254294 -0.06222382012893793 0.04080143645533108 -0.0010258164846254536
1 1 -0.023801388306388928 0.07345833940521329 0.030352065934091753 0.05300324190365243 -0.0024273208495875346 -0.035029709773818495 -0.031239049032673927 0.05742747330262149 0.05074473881599728 -0.06935476459131211 0.08174334389873054 -0.06304158590543703 -0.05298801125126022 -0.06708277850914995 -0.08137817857234178
1 2 0.001227220696150734 0.022485829807024352 0.05860478966528171 -0.061957281771648 0.08956304646033819 -0.03494069662257084 -0.025532652312005324 -0.040014459390537285 0.05132337225240778 -0.025778241769698212 -0.041752397374074476 -0.09458905485602813 -0.07387132624206394 0.011351032687571094 -0.08792719659517498
1 3 0.009865976895130227 -0.01833148857849101 -0.09834697201241735 -0.09978880745403061 -0.10975729370994726 0.03473864505009001 0.011102996823061836 0.04377878656198917 0.07515519403306235 -0.03183911951567093 -0.025959698836021346 0.04040574543485339 0.08684896847657506 -0.07449100832373019 0.021114947602538986
1 4 0.004358370689035484 -0.06141171729348294 0.08670162942142386 -0.019144923395023973 -0.0126537624382447 0.05434547348793402 -0.07240597625457706 -0.03385598389826028 0.05158002227892611 0.058953290035267454 0.05258484304764554 -0.10179326087224001 0.08153959743569565 0.07850004926725886 0.022973171504985606
1 5 -0.018481076770152042 0.003202944768073904 0.0865842998594655 0.024972432290551884 -0.027467191243964476 -0.060685071018161486 -0.04502320626706853 -0.10345110550927766 0.05334389805049723 -0.005873671195103232 0.011381066418161973 0.07714323035270801 0.017750677650979832 0.05880315653251135 0.0013030084279386902
1 6 -0.042356017182297694 0.029660771976052592 -0.025304855002575333 -0.007801337079252406 -0.010731834541320633 0.027495388083989197 0.05376844956748668 -0.00570970909059106 -0.07312355272436827 0.0966910415455899 -0.07077892538724032 -0.05059112176042075 -0.05679888556956221 -0.02408243011075519 0.08038389039881537
1 7 0.021138725017249015 -0.036043553950200334 -0.03923267100284644 0.018824815280067384 0.02957782780612634 -0.08518594450343804 0.01850124153873514 -0.013666702700842876 -0.01854590830958841 0.02091239578342557 0.04458415637351293 0.014956431982830913 0.026985985631049828 -0.08536661667767517 -0.0210591614919158
1 8 -0.028704409178379978 -0.037129683958981696 0.04494424017996805 -0.0616812715268696 -0.057077077843781625 0.029970087651456485 0.06627487258108176 -0.004983097472925577 -0.05458289566036416 0.07069900915187947 0.056421064164856025 0.009542485933462512 0.05873543153525218 0.01362742133236713 0.07401673106490188
1 9 0.04342560866836085 0.08455336052670406 -0.04611208584122804 0.04022382340071678 0.08727593117837498 -0.06295225500262054 -0.03701910592191164 -0.07036783092546818 -0.031548496959456156 -0.04233957139630976 -0.06138507057923848 0.005091615227474098 -0.011258703678935302 0.10318993816545285 0.04995150053810207
1 10 0.02026178333912845 -0.07647605289114291 0.010634685095869173 -0.06983457992807719 -0.04821839251184815 -0.05259949883320625 -0.06571881491908325 0.015431932189424598 -0.001981067366535084 -0.10407329547567318 -0.038206797544515815 -0.0866282824054804 0.09228566598639372 0.06146136294317567 0.026079807409410943
1 11 0.059763039733863495 0.08048263419684322 0.08593876252990355 0.045100762315974534 0.06592893388932883 -0.051541998415381436 -0.05014039635261693 0.06793126898251547 0.07193059426473936 0.0475872781200981 0.05892525204988822 -0.0031169497630932487 0.020500441418106703 -0.014918490263049913 0.09312294889876767
1 12 -0.08730416196645553 0.04675932808261864 0.09376660523627064 0.0454447855805996 -0.034709880149043755 -0.06801278886223941 0.0051727559448844235 -0.08010663032121035 0.0692614903091223 -0.09879236879556998 0.07863980908651476 -4.734458553163051E-4 -0.02025637072259285 0.06498950403926129 0.09459691972419475
1 13 0.08693045560491156 0.0769435784920728 -0.039791969104742274 -0.04290389004623752 -0.017316538390680692 -0.045757149339136265 -0.023018983541985488 0.05889937354085707 -0.03583121365142142 0.017440027232140214 0.031003922768823407 -0.05324433419537534 -0.02236487369429967 -0.04289850818348352 -0.011928961846570354
1 14 0.036507276238087034 0.003613046150244027 -0.003322597754413938 0.03850710801148529 -0.11330802421370503 0.0488926130937969 0.025692213380223473 -0.02688592692302837 0.021843315292071036 0.009812635045071032 -0.01452042664127104 0.0787503412187767 0.07052817581760197 -0.0069074733791357045 -0.057956414220138266
2 0 0.0028009322663564173
2 1 -8.317853031803009E-4
2 2 -0.036141479023032906
2 3 -0.07265553367228945
2 4 -0.08116335799484002
2 5 -0.003631992811530811
2 6 0.056975543517395165
2 7 0.0743836102726977
2 8 -0.01422839637598752
2 9 0.06004409946054686
2 10 0.01701684176497659
2 11 0.06328866732548388
2 12 -0.01974395272434911
2 13 0.06295871518487452
2 14 -0.044021356983677214
