## RankNet
## Epochs = 50
## No. of features = 136
## No. of hidden layers = 2
## Layer 1: 20 neurons
## Layer 2: 20 neurons
1 2 3 4 5 6 7 8 9 10 11 12 13 14 15 16 17 18 19 20 21 22 23 24 25 26 27 28 29 30 31 32 33 34 35 36 37 38 39 40 41 42 43 44 45 46 47 48 49 50 51 52 53 54 55 56 57 58 59 60 61 62 63 64 65 66 67 68 69 70 71 72 73 74 75 76 77 78 79 80 81 82 83 84 85 86 87 88 89 90 91 92 93 94 95 96 97 98 99 100 101 102 103 104 105 106 107 108 109 110 111 112 113 114 115 116 117 118 119 120 121 122 123 124 125 126 127 128 129 130 131 132 133 134 135 136
2
20
20
0 0 -0.9937798714247393 -0.18465513666153244 -0.10507775187418089 -1.5124966722861766 -0.18895985750580394 -0.20350280960956083 -0.5015968153384069 -0.03717121565147677 -0.4661256557359578 -0.1604599262632706 -0.4192280790800792 0.39184229147637667 0.6787139836911105 0.3393791624250768 -0.22818464157543966 0.18494256689110644 -1.1131026322509012 -1.0516714322361007 0.057331450139910825 1.6703083882003316
0 1 -1.0135896335651395 -0.14605677122531419 -0.012881433720777984 -1.5939326216312246 -0.12379104617779232 -0.3817475379410935 -0.6039359904538816 -0.22235637296470254 -0.5803312025250308 -0.27522866063156776 -0.554510739740995 0.3692388296533248 0.6699193831091486 0.1877838836395871 -0.14679047953133337 0.03968852677521078 -1.287343993857613 -1.2637671531073138 0.10110684405539952 1.6127110372539182
0 2 -2.9671458051507815 -0.5262739869405426 -0.027002146051557534 -4.462653870260697 -0.7025633954601684 -0.9806114901410253 -1.6009442334892001 -0.4136527479379324 -1.6232083682247034 -0.47913925640674015 -1.319350740789819 1.1273285487004119 2.0433700539837987 0.9812325066350304 -0.5509742303255023 0.47214446896008727 -3.556609515083421 -3.329996797074183 0.2940626106134274 4.842960674074332
0 3 -1.5692280865834096 -0.33661586161132306 -0.05356317704453686 -2.3844950767994058 -0.3977793209014744 -0.5143948802261413 -0.8393959708490394 -0.17100743883640243 -1.012441944413587 -0.24501144922040427 -0.8295768405024327 0.6751571447311656 1.1487644428455348 0.4825872790938996 -0.30617211414978285 0.2589990250364901 -1.9232789498273206 -1.9087766056977327 0.11110518132520347 2.607102640853391
0 4 -1.0350862032640624 -0.16920895612421583 -0.02908573787142851 -1.5118776981431619 -0.14957478617755043 -0.22442086404955816 -0.62208835037976 -0.1901595988298038 -0.5847643992423962 -0.23721582269478683 -0.4106932975989687 0.4006794026243462 0.7035075862452345 0.4070385505656012 -0.23901859417922613 0.14953331353466764 -1.2977632817125948 -1.1570097985602708 0.19005391964362908 1.847937147160814
0 5 -0.3414974306107289 -0.1275789986962358 0.03148909124029212 -0.6296907805404932 -0.09364387128629262 -0.12990839670288304 -0.19090926282586632 -0.013406564907196656 -0.22520253402277557 -0.008793896988637017 -0.09672863603534347 0.06641945800295386 0.37923490722290004 0.10932926947176426 0.0031131214058956118 0.08176079067203505 -0.4874163810276981 -0.4602471013332181 0.04786363462791903 0.648724807255145
0 6 -0.4942303354177547 -0.06984614861483605 -0.042674891688997525 -0.8605826602386286 -0.1468542795773627 -0.11985667281344844 -0.28103514499895144 -0.17745573474440934 -0.32441833148828203 -0.08348805004566712 -0.27970579207586177 0.2821877813323104 0.3399360939840692 0.10635376604295094 -0.1534047747649965 0.09676369424817242 -0.7044158624751007 -0.4975840055062393 0.04068457923553335 0.7422705586177349
0 7 -1.3322253045495114 -0.17758045980183285 0.007586690347610084 -1.9015759870099698 -0.26674708145682097 -0.3566321680716843 -0.6946466238378176 -0.20264571573879925 -0.8200680089564241 -0.26777969908383836 -0.6016576927666417 0.42332192815010816 0.9425131758228372 0.32564725651788734 -0.283329128310613 0.27209529961713547 -1.6590654076721063 -1.55178061048393 0.12606686806498696 2.1738759152259615
0 8 -0.8565399442984926 -0.19747124019233292 -0.08384923019844928 -1.2627397960466984 -0.08292811873496969 -0.254202433364069 -0.4931458974934917 -0.1945910610409068 -0.457550836811915 -0.13335611651205406 -0.36656069397179286 0.28024199047470993 0.5007262928377196 0.14289762418440646 -0.09713729130579789 0.1854820101473655 -1.0737943187494525 -0.8762890216815993 0.11118112274742048 1.2665982788759764
0 9 -0.46665692469586967 -0.19005461474667865 -0.03526681153116389 -0.6956913529479519 -0.11284017365800308 -0.08519925228620112 -0.2633092458677074 -0.0830113582081945 -0.2204100622377566 -0.161123565472281 -0.13130020681229995 0.1558097420208284 0.3582884377503499 0.08851994953579921 -0.017455419926597576 0.037933462652829215 -0.5338350963079127 -0.446225854367169 0.026335955613279616 0.8627993332388019
0 10 703.9211105139327 108.43951564982657 53.925886673575086 1067.392792733157 166.98937012407904 228.27293036120233 376.37038229434165 60.72685756563003 356.6755215387299 122.0922317205411 323.3152227991881 -253.51083996588125 -559.8486496977366 -245.94276566884105 120.5875654494526 -162.10599963258596 870.9094448496168 810.51542394015 -106.22869518332638 -1228.551565551537
0 11 -2.436321486227295 -0.5781209716816317 0.17560283177835584 -3.8661997501448804 -0.3117623810087028 -0.6513237622635383 -1.1764228445153317 -0.37158478955019486 -1.9272094608875234 -0.4506852657924746 -1.158175200656528 1.1901070669408733 1.5068679082130014 0.6436259344294237 -0.36714905261395586 0.26808295787118996 -2.985639353011552 -2.7792030354560473 -0.10797136829051593 4.049453540919586
0 12 7.996925448266566 1.5081744374602783 0.12497735251713796 12.58217171380963 1.8108899867349084 2.58482279719244 4.270910655986222 0.9183743800820842 4.364431019164743 1.5556415071057599 3.8617966284972844 -3.475075270780715 -6.303660187122516 -2.7224537202682666 1.5160232930093291 -1.6601773632554397 10.270694158383872 9.25680226246691 -0.991229744216955 -15.783178652048857
0 13 -0.5635488251135817 -0.03401459386559316 -0.09036286041353246 -0.7655192391205523 -0.07493677306836731 -0.0996637680998359 -0.25530127206987585 0.07546638104374234 -0.32100672580199596 0.017317141441478723 -0.2792684613616822 0.3488661685849577 0.5764002908271921 0.10679187868089045 0.12592889115801617 0.23852703236269815 -0.5193774906222667 -0.4066675527522715 0.29550808210035256 0.8673715544946144
0 14 709.0312063717311 109.30123564798356 54.021489210833884 1075.4303514063167 168.56344810127538 229.87456339613897 379.08897873931085 61.36535881294038 358.9254915279354 123.09024138454447 325.661641463339 -255.18538424323268 -564.0922512427109 -247.76682098067624 121.61335134048912 -163.36330700480002 877.5392830746223 816.3729562917873 -107.08398356627684 -1239.294722017788
0 15 0.03325255542944622 0.0510676049797633 0.008087992644485061 0.016248794034862957 0.06415283911559404 0.10928459733173512 0.0376715829182567 0.04067697144959391 0.12837539733690123 0.12203113498533852 0.1430176467527179 0.2615390670172855 0.22985841284813127 0.07140501685777838 0.12444826960930469 0.1698533922652784 0.11055561201617038 -0.05256747751663808 0.13061055665268578 0.15710539337665153
0 16 -0.05696271605359891 0.24321281452294582 0.2907989666019331 0.1641306584050492 0.20641996607318205 0.2608635731129637 0.09690365043175152 0.35283086095763955 0.1809685118054531 0.17085433109516515 0.19879537490482566 0.28959063021009895 0.33419261681178497 0.17635107921446025 0.16667759685371433 0.3162596412089154 0.11197522757632852 0.15606602821761745 0.3674737167236906 0.2744195979882027
0 17 0.11357675804823422 0.26744656034866143 0.26751937189546054 0.2123687804568069 0.20782873807228844 0.06999299440401936 0.13567769967639945 0.31216976783731476 0.2942811267370392 0.06467714386445193 0.16874461663686907 0.3586687826499928 0.3915273974892113 0.2593706309512206 0.22860503562317647 0.3432224572920321 0.06546387275857819 0.06420902162747512 0.2671505707050937 0.39098153523598983
0 18 0.017090096795037195 0.34108432165549657 0.21696879853267528 0.22058400480041615 0.20852983013951032 0.22494414634036639 0.09893542888540002 0.26454028016537606 0.24615498934893643 0.19735296612490336 0.1708509365961273 0.3287503107801453 0.35988028123134064 0.23834835897444737 0.1571381963520542 0.4233702669429422 0.03391640489215824 0.062069312484923804 0.3270593003997673 0.4437421943721996
0 19 -0.020988071635372984 0.10793771288352787 0.006644599174022233 0.09701884509164813 -0.015470213448420882 0.10282957259382099 0.12404237489919745 0.13897574368865281 0.050891119361892286 0.10420113753131975 0.018291394454272965 0.2959755032207964 0.2694324921976398 0.07760215509851667 0.1558474108268526 0.19960621720132352 0.05179534563211032 0.1297002604838617 0.20208072163546045 0.0948279546133702
0 20 -42.29486037472994 -8.535142885820397 -1.3666881082942832 -64.7704802730619 -9.109477044247106 -14.047576804632241 -22.817310229381153 -8.167824677669932 -27.329251041012146 -8.925216698437556 -19.493526045792198 16.777718449482578 27.83376084887585 10.036305488492753 -8.66773348353057 5.4650980685138935 -53.55098370318863 -49.06186135187315 0.8158648903675081 67.9784359972274
0 21 -2.0207160941256785 -0.41667880917861716 -0.18838426363272978 -3.0166703633864453 -0.47085019271161244 -0.6982344657894277 -1.0457342339042692 -0.4198001127599374 -1.4623901017709522 -0.5201197601041543 -0.9512529589709572 0.8191435500584037 1.24288760212692 0.4552915658139105 -0.4406402279942647 0.22938015860753122 -2.5592802969821724 -2.2627320911671105 0.09469910986171115 3.1235029869875186
0 22 -3.7680153029740304 -0.7543360374743178 -0.14811352472099526 -5.619846201737126 -0.8491520726998122 -1.235272231494427 -2.0869623500315853 -0.5335169185343425 -2.2994961344724882 -0.8175380790409581 -1.790408932594727 1.2730287229505453 2.5877843747522102 1.1949482230327257 -0.689621686846884 0.6824714631927912 -4.674135504696299 -4.328849250390259 0.11299020315454708 6.114819089967382
0 23 -1.8349049946638998 -0.3732317183504719 -0.16619924630862215 -2.719953869496134 -0.3756105404355328 -0.5092793802165024 -0.979855419290851 -0.15791786846061087 -1.0599034078064506 -0.32452214642897825 -0.7778535258974383 0.6159078989225345 1.2957709124650298 0.4477375199840924 -0.351281896429764 0.24249066140633158 -2.1705859601384656 -1.9505022235342608 0.15664997200434058 3.0023466584498055
0 24 -49.66650521419623 -10.017843637364104 -1.66634463627601 -76.22414897375197 -10.731133169150024 -16.38539371591474 -26.757295981705695 -9.41817800855599 -31.97699809510028 -10.40163082620401 -22.829238206660207 19.391294984010862 32.8623162918166 12.137409322643446 -10.14398074038608 6.539223187712908 -63.00982569073351 -57.70393315770348 1.0220019425905895 80.28883494368228
0 25 -22.339842934021174 -5.080825452875213 -1.0015805695435809 -33.97845576575722 -5.056833960249565 -7.5642237560791 -12.104915591130089 -4.527615633754491 -14.916013846159444 -4.890496867982505 -10.379661797940198 7.328623102092643 14.136841043269282 5.530048216476302 -4.948822263024646 2.3491679493802042 -28.08023839895485 -25.88980136567378 0.09585701097923725 35.824006779818625
0 26 -0.8342656960323332 -0.16512423013722927 -0.09395124032848494 -1.3385074009834517 -0.11618294982073822 -0.3404014763663322 -0.36911002626550005 -0.12964520565938165 -0.6320184071205546 -0.2610560875859372 -0.46291987490869646 0.2258456887473225 0.445970868861021 0.2216228626996073 -0.2758318345485743 0.03522609279010105 -1.058029191441556 -1.1240040169070362 -0.05122480143541569 1.2894822055326978
0 27 -1.7554649814384307 -0.4507410518748854 -0.06715139661725357 -2.6142160400018932 -0.306488259984688 -0.6372104360640026 -1.0169434110265465 -0.2732237188019019 -1.1287988634186579 -0.2908127549508711 -0.7877728713009698 0.6289850471453295 1.1450790768677663 0.4282472739962307 -0.27139874775170125 0.3402308038466973 -2.274392893789407 -2.0181046730986267 0.1140595588480911 2.8643715334988404
0 28 -0.7968176537793902 -0.14549695965477916 -0.059812677747485825 -1.0220528517269822 -0.1719619016096648 -0.20000648030527013 -0.42211276326766234 -0.1989312804617142 -0.3914546848760962 -0.07679169926489152 -0.3550139952844802 0.21834957031188554 0.3695847761197131 0.27607142703311 -0.13872327872460624 -0.009394331477802192 -0.944773146337963 -0.7548468419568504 -0.01863215975475645 1.0547259470753378
0 29 -25.996573536845037 -5.946786432916313 -1.278835586361028 -39.56716515016226 -5.930450478268152 -8.578567132758637 -13.978049464922128 -5.094417815933843 -17.2617124308626 -5.500975996182913 -12.17379764167059 8.64018133527408 16.372277658653697 6.49862816085025 -5.75769774105172 2.741085762616866 -32.758816618613594 -30.192819444395226 0.3800414751823662 41.77695561365789
0 30 -22.620465563971493 -4.321718146896538 -0.6880178243186076 -34.764548230640365 -4.861032087203001 -7.539512896751361 -12.240957833281115 -4.609881787424625 -14.750345217341804 -4.821828342052001 -10.390627572830718 9.043575632690969 14.594333209847026 4.780122555402933 -4.514875977507956 2.6550513924625965 -28.5072139046988 -26.059890228770165 0.16780403989812598 35.53458749310199
0 31 -1.1065378591808652 -0.31274158485489395 0.012058257085045713 -1.8826258858858038 -0.17727802390861888 -0.3103607256866852 -0.6481797907106833 -0.17069916042449185 -0.8779328094742276 -0.33537575293246474 -0.5081659721847883 0.42366712627398967 0.7724509250154306 0.3489978297566796 -0.218667205624204 0.08140690753184426 -1.5038299777019515 -1.42409184742734 -0.012671740253768755 1.7800272330025921
0 32 -1.6871578817951003 -0.32312916639381806 0.06936891538618802 -2.4285426896183977 -0.47151323220227276 -0.4651917535214806 -0.8166952653374968 -0.3346103272882918 -0.9519284300094046 -0.4145089725179732 -0.8074319445200561 0.6015854972608325 1.1681627280882056 0.46010119598166804 -0.41249100308927417 0.4044288336967272 -2.1492373028348806 -1.9153382588917152 0.08374063253519606 2.567546067143306
0 33 -1.0371089551649855 -0.22996414268997528 -0.08666758916702554 -1.5943576802014734 -0.2250635112870649 -0.32224146931223246 -0.6135860299554666 -0.13370701980260918 -0.6574351696266517 -0.11600054590809127 -0.4792107837067845 0.328945001519689 0.8226146374558301 0.19930350717475878 -0.13356389051276482 0.21921750558515327 -1.3453413521942135 -1.2470079356505412 0.06104168327439176 1.7069132117966481
0 34 -26.174328547580817 -5.048057925322534 -0.8377307352955893 -40.19013248037832 -5.627102011124956 -8.673280951497523 -14.197525293885219 -5.257932776697087 -16.98075418442693 -5.445553889160724 -11.997682145963662 10.473770797223416 16.97406433711005 5.6868945275541165 -5.269775940182558 3.145506444212573 -32.99916675023034 -30.24866185332096 0.3294692630112983 41.363588951133124
0 35 -23.257542095722272 -4.964592657498966 -0.9481992383402583 -35.65043197020146 -5.215581756666686 -7.780883134300006 -12.606464612106134 -4.647170211380078 -15.120988718297653 -5.038643393688285 -10.712336239300726 8.51824580642384 15.054900355119903 5.542223716962399 -4.937262369369795 2.596128214163151 -29.41501186152571 -26.899024090594665 0.2857381953645645 37.29695641479237
0 36 -1.109270293697726 -0.3707608398939636 -0.052185936038683996 -1.5917347216509241 -0.28499349233489396 -0.3295335444585633 -0.6431066384438814 -0.15390294754664954 -0.7779973517224128 -0.32834377912655144 -0.5579959336804415 0.35335516360095187 0.5500649915213687 0.20404461069878796 -0.22943860036533112 -0.0023589274079053994 -1.3859075062151442 -1.2200452860362152 -0.06700875864753696 1.5565877226722669
0 37 -1.782594071912621 -0.32328873017594145 -0.013881919836040594 -2.6732035423047544 -0.4362737036553264 -0.65341057057646 -1.0563204107318094 -0.2587947780046355 -1.1618269579629288 -0.368217767936037 -0.7544833754474491 0.7401674834680078 1.2349295265608722 0.5980152666781652 -0.3145265641456836 0.255465703110271 -2.1711862465970233 -1.9764632815205438 0.18677663682204698 2.929617862496943
0 38 -0.8926800802533081 -0.1611144953395899 0.010678480421493006 -1.4381675101286515 -0.10239490164028073 -0.34445877898654925 -0.4717811081917231 -0.05075653983059285 -0.48744354913934346 -0.2592310057361378 -0.3760953991313049 0.2505093445396371 0.509303969731192 0.17688350121811353 -0.2011571507453925 0.14703069276234434 -1.1773927438472664 -0.9150880937000515 0.12236051915470265 1.5279993319108054
0 39 -26.997096553548815 -5.78319104855225 -1.1205154053381177 -41.33612555742166 -5.942631118734887 -8.951257859186596 -14.456527849546067 -5.261272742439846 -17.681114074610733 -5.643472295610145 -12.527162561349998 9.833176981442401 17.46056929428678 6.471972836122814 -5.543356103700039 3.1780913468946164 -34.11068227747511 -31.303270168691064 0.45510968065035606 43.387316678699094
0 40 188.7519709533981 36.5984113840166 8.818253807832862 282.32926379261 43.042613312689625 50.861823220479906 81.55106733971661 -5.9458220439841565 94.97135054213504 26.25468105800665 90.4800767932289 -74.50353925087079 -193.0558477622977 -115.40922290274683 39.98525383838841 -61.53795664071999 228.82862675246417 216.24385592543325 -49.974998073809076 -477.87030869313736
0 41 -0.020406344706978538 0.05920767425489505 0.08501767696780967 -0.024502127520503517 0.09833996152319471 -0.044675330659091184 -0.13030526830651337 -0.003185188056694013 -0.03097283604190255 0.025375871739784443 0.06147955066316831 0.03975383405631733 0.09447008577903471 0.13069514792502482 0.091904603792451 0.043916016948607625 -0.09905455039274473 -0.14239279818229808 0.11257053870203243 0.35391122643849876
0 42 8.44929078375974 4.193314849114966 5.028547447945562 16.91884209304948 2.190186516300052 3.809881053036712 3.8709598642150347 1.469460964179912 4.939408262814177 2.0653081728914846 5.80684360167482 -8.718992806708421 -10.285969855993107 3.6704236725979262 0.3058788883749166 3.6201802275781576 11.124302921782736 9.72073738358226 -2.8011709011721915 -20.802088278225916
0 43 -0.16557042175163342 -0.10417496576731235 0.06388911425350509 -0.06839003356131435 -0.04844822440402705 -0.1067492321503568 -0.11720314171404234 -0.02765727367471434 -0.046739691326456646 0.06342396325586361 -0.11006842510904975 0.12468839729109484 0.046889384180513936 0.12741570345647762 -0.02470125463668563 -0.03772627198436806 -0.20194100335167905 -0.1603035744972349 0.0983929865123739 0.18614378535869136
0 44 221.7215272891244 50.67397410245461 25.489037855312162 344.4830894349625 51.974807876477016 64.60459803682646 96.25374086255806 -0.9279383254952929 114.23796161059401 33.85274839059143 111.73295272402723 -103.805724426333 -231.2952158167988 -107.8797093612639 42.795237133178844 -52.69576927702213 272.0219300039083 253.6746325993117 -60.57681868858517 -558.4494506738058
0 45 -0.15665552888336792 -0.06475630632376954 -0.07583968839060283 -0.2344560974560192 -0.06184022964827021 -0.03950090205649209 -0.08394325735230124 -0.038651423256373905 -0.08917157632568054 0.024163862668111317 0.03568270019225992 -0.0356350513338838 -0.031854421617277334 -0.01683832684770012 -0.03628613182964564 -0.03513210517838931 -0.03924758116362827 -0.01138011788157432 0.06132695511020769 0.1445695560565849
0 46 -0.34424638505774674 0.015838492265589907 -0.017270846652949683 -0.617856518779099 -0.10906530569073193 -0.11880810757799055 -0.25466977757276366 -0.041684525356900794 -0.2536246502797593 -0.009896406104875362 -0.17139576131698495 0.14123526166049727 0.1868613440045963 0.15780459918414136 -0.023596677127408157 0.10478762898578901 -0.3952659670210752 -0.3285046255902409 0.05833654224168563 0.6368625921389621
0 47 -0.6128983582386344 -0.1775285166238305 -0.02071455417380678 -0.8667135873081386 -0.08336701241217227 -0.2934417673803881 -0.38112131989231873 0.011187917973596976 -0.3957144325471981 -0.0529750803755682 -0.30632182093889065 0.16656189693000695 0.5386388073884338 0.12511689343419366 -0.08619778327898638 0.06097148515688985 -0.8076747955573258 -0.6735976730998327 0.13528908830196976 1.1496803600196133
0 48 -0.20769271963866032 -0.07270205663596202 0.07725400398751979 -0.2765069426338744 0.03917952801723849 0.0021716999920070243 -0.12071693526302736 -0.020023423672832278 -0.038076833065523404 -0.09594814315060973 -0.1639453316216522 0.09890281150130067 0.12599907194875326 0.04786756538165825 -0.0019399024794732823 -0.04764173550835987 -0.3585486492115949 -0.34000555341051636 -0.018375188556503833 0.3871565591107163
0 49 -0.20637962236248347 0.04226079897329859 0.059315830282028456 -0.19187891152422473 0.06123514506266598 -0.10585881971308535 -0.11799398434942293 -0.03810335807057769 -0.08455034904938816 0.007527349568251952 0.018469446140618066 0.06277391887839917 0.16377571186350198 0.015568097225186055 0.022952300195284193 -0.06173307621315111 -0.24530252386965334 -0.21555581752485622 -0.020300089450025868 0.1993474850799914
0 50 0.023310049257378153 0.08570320327535448 0.0705919189714234 -0.042762363053484485 -0.06641287594689868 -0.06061908896891259 -0.0837743667595369 -0.0583714050261925 0.05849626846093144 0.08587919126334279 2.958901488194926E-4 0.0758259335241875 -0.03234871846110919 0.09643939995661202 0.03523605286371284 0.0011559825658675215 0.034597442443024706 -0.10988438244019753 0.02844839545548698 0.11233568359730152
0 51 -0.21080934805115376 0.012208879825881142 -0.10538763975517823 -0.3163436649841162 -0.07339299148100209 -0.04441960888717749 -0.10354063430404988 -0.001697810323906195 -0.19065949057966455 -0.037938390850403965 -0.001445962138047627 -0.02450183131192788 0.12262192414163847 -0.026509808841999133 -0.004074142966918319 0.028545539828001162 -0.18418276518110754 -0.1681388097408984 -0.042956226114877955 0.23715158811309348
0 52 -0.351625691273093 -0.09438091410376429 -0.052420495205319426 -0.5451389942008839 -0.018726314140936662 -0.04017497522139903 -0.19072424594911774 -0.005465676871171092 -0.2266780166804927 -0.04001715012062072 -0.09494375705655937 0.041231012400443724 0.2778489251059964 -0.00822322401201274 -0.026710904897982824 0.051201956145767315 -0.31479616769842406 -0.27208157296699015 -0.02457703424724957 0.5589640414421201
0 53 -0.12047660534556555 -0.04277722249265686 -0.012257797277794504 -0.2106768859694883 -0.10876002385244347 -0.03352633942135906 0.02252129545675533 0.059876719135781444 -0.1417785418031905 2.1366009339580488E-4 -0.12732390273164879 -0.0027565907518282322 0.05332275852650877 0.02746784708721178 0.011459721888892827 0.06841244082536713 -0.14118063987415902 -0.17261392842592727 0.037881523214156214 0.24050338312623237
0 54 -0.10178645506476602 -0.014148286684502341 -0.014406804449598425 -0.1491398681304197 -0.09650772009050036 0.0683319908044118 -0.030515811302182456 0.04058579223329355 -0.03955335468699092 0.056194726432842665 -0.11036637784506886 0.04335066014204748 -0.05344217575180637 -0.08395684970121622 0.03281540924979444 0.07592667230795441 0.016528627997116605 -0.08868128095925751 0.03719336301518459 0.19486339715164513
0 55 -0.11743697611367945 0.019522592043910672 -0.07390937732525595 -0.09030353317673097 0.07825473315612207 0.016690868595497507 -0.02346497393428652 -0.043011951288193545 0.029599920079960228 0.0017065658966755402 0.045242876904575555 0.08478892461518403 0.08614822464600146 0.009882706821403086 -0.09923908838768503 -0.020003597437414377 -0.06277565776035088 -0.12992124117247938 0.03125254627959459 0.11760238885495743
0 56 -0.14171623024702393 -0.07154653338326107 0.0820776547474055 -0.2637860029767687 -0.0044301216976457775 -0.006553635624514707 -0.21016193808261688 -0.05157183830802162 -0.20649141675303717 0.047648639567601694 -0.1078639835362559 0.10112977112945468 0.07640769563796837 0.052886599460009655 -0.07179378799379652 0.06541434481827184 -0.2505038283456631 -0.22497202938388786 0.08993477280968502 0.3019569003603481
0 57 -0.31045440514579065 -0.11529481410605644 -0.11041519467002878 -0.5142169866299043 -0.05981048317209685 -0.04643889767997398 -0.24969196783514275 0.017470754091946792 -0.22714496369425896 0.03310682839209983 -0.21788902880234848 0.037524999839707224 0.29676487792165596 0.1685327518275918 0.014352731197479998 0.037433272646487194 -0.37650559542826373 -0.39462381857886647 -0.025285474112974847 0.4444894403439535
0 58 -0.09974252393660434 -0.0589223779027146 -0.07059330759509412 -0.2600425337325275 -0.12018044461057342 -0.07224774829849624 0.016978516756929362 -0.01589458621435684 -0.017360470975318145 -0.047863520424989967 -0.0053259370120204074 0.08685234293135771 0.0807043896922793 0.018130102053867402 -0.07716681576832161 0.03775345332848831 -0.1565658280086168 -0.09330176782480828 -0.043298848419579254 0.264328535355341
0 59 -0.15627450479847016 -0.0490592914105616 -0.02466974259734131 -0.14624541368608973 -0.05592873689843571 -0.051841122471978904 -0.038795254442988314 0.08558408702045195 0.021752006855304016 0.08426820497556062 0.03745600658838617 -0.07006925500776029 -0.049927121056540895 0.02223143213960645 -0.10574686728984922 0.05613496013606537 -0.10711737349133532 -0.16767838282069442 -0.03146177754453818 0.15334216572918632
0 60 0.036268885768166045 0.06114455152563715 -0.01940076376563724 -0.10057344488394908 0.07088451027470441 0.05101186789727753 -0.018475094506671876 -0.037815776891973324 0.06429068305160396 -0.038188028704272785 0.05523400519563005 0.03882748976096143 0.11585645612344568 0.10110211809389325 -0.08685338613923076 0.08384598259931925 -0.060833910985335984 -0.03645648520771468 -0.03159138631199236 0.025696253518175595
0 61 -0.11034639869759175 -0.08265780394145983 -0.06167562434107034 -0.38843076771812357 -0.13797253887517358 -0.10716914438442665 -0.1957248877796438 0.05400459617685656 -0.09487885068292036 -0.12786941074242336 -0.06376734991561245 0.15852033191911485 0.15639860146776569 0.013441248813345599 0.018585882394232835 -0.0075667437352229605 -0.24010695032149487 -0.15001032128914826 -0.06825025460394644 0.282495568980579
0 62 -0.30603108884932845 0.03642441774370708 0.0425825112260409 -0.5693942466820148 -0.1227785382810634 1.8154200838945277E-4 -0.12095100197513461 -0.05734421563119519 -0.26093015163659283 -0.099836090868283 -0.22033710264805106 0.10848622632907676 0.16206459091783434 0.14012578793547256 -0.09773289489058343 -0.04261256031139366 -0.339956958909108 -0.40976689600885985 -0.03454047801046291 0.5335836796867319
0 63 -0.029374906975624112 0.010834810138810396 0.09168787655218663 -0.2002938262226805 -0.0142423549700649 -0.09728153995579905 -0.06720619972891609 -0.06759588986634954 0.0062962107711465355 -0.08032323493648526 -0.1038109935831491 0.03470049088670878 0.020917130204653814 0.11789985898411671 0.04050314431206312 0.05493481706454114 -0.24488017185417746 -0.049118267478438796 0.007842081028124528 0.23486332090715514
0 64 -0.10246114159922 0.04472545852772983 -0.052512092024632584 -0.15534018233391927 8.694977178795231E-4 -0.11107673644299519 3.8559057302515304E-4 -0.05708022867564724 0.05128988117774984 -0.06474255227657809 -9.522830311202466E-4 0.12305548098707488 -0.019910135353969016 0.04156532142260626 0.08331362361999742 -0.08530249235453427 -0.09345903300312991 0.014147871582122367 -0.02311682108991984 0.1703691318314446
0 65 -0.08386362533422381 -0.024802200551011074 -0.07278802175555042 0.03365164043507338 0.04169333308928976 -0.0789315792989164 -0.03672928928251828 -0.07987979300506318 0.007006592352522338 0.07831885277585346 -0.07079476603110044 -0.027446157399514032 0.008674310420095041 -0.07368139537636564 0.09165547748798215 0.08928280080152924 0.046695011851211284 0.0012278252610860643 0.0971371118148251 -0.0902258359514707
0 66 -0.0568832978158693 0.0012138104401641094 -0.04582553492176247 -0.09512951308652341 0.028588864087587307 0.0019629426710557874 0.03062234116608049 -0.06377023639278474 -0.09601568536561574 -0.09832159818848651 0.005323697793072192 0.09182838606096123 -0.007250263979130172 0.1030020016060586 0.09760132242399676 0.0028575039275752136 0.07219812392294857 0.02971728514163646 0.00648286644290839 0.0074953019567974176
0 67 0.04302825406316932 0.031123971506431862 0.08842875236745479 0.03679043911884424 -0.04014170675816554 0.09558600389821267 5.245181492850946E-4 -0.020084126578212794 0.022374284988942922 0.0126638176957193 -0.07309843354803272 -0.04214960563009321 -0.037427599570977965 0.055201634068495264 0.04511065467971733 0.05922289888091015 -0.03627131235444402 0.03203183906000608 0.09122886896429788 0.023536978997003303
0 68 -0.028560890386771114 0.014166007024661318 0.01200046278404606 -0.017532019869856225 0.0390683261325838 0.022422457077453634 0.022627493121473167 0.07997035565628491 0.07352959129062102 0.060063647471634486 -0.034942081558764576 -0.04027002467602052 0.046370141292185266 0.03847948850275071 0.09917259965858212 0.024651062905772063 -0.04405634489356972 0.0483377714524123 -0.06693225191737143 -0.0251225471805925
0 69 0.07199433758994749 -0.06515376909714028 0.03828716287974778 0.09347735972355571 -0.056457585677358944 -0.09433201815758994 -0.0341124153599825 -0.0015679547511464338 -0.07969075923928788 0.0569078721927195 -0.0134197178848009 -0.038137174502910105 0.045872573079321084 -0.08790741694651015 -0.031967881057315295 0.06646556778085147 -0.0786294267945968 0.0023548219821666674 0.023575438496964713 0.0788070311890804
0 70 -164.41216423042738 -30.536215143408924 -1.9772471620081062 -250.3337655754124 -35.73872722256896 -54.725070030460934 -89.41917751294982 -32.483523144789245 -105.02896456433425 -34.58215445318327 -75.56705412170274 62.70116887564855 107.90008212366473 42.85413633303996 -34.92496429826947 23.14677211789919 -208.53374966210782 -190.71876182939008 2.281388772984127 267.76809671901964
0 71 -16.444380671565295 -4.249368089954599 -0.9744795982451484 -25.515796087197735 -3.5294505206813036 -5.508111978490743 -8.789636877413539 -3.0591767401792156 -11.404155959667934 -3.484775108135709 -7.877254336279439 6.087405005680467 10.26719848532194 3.8350014295529964 -3.283882323710712 1.3457610610200055 -20.83852954212181 -19.370202977834964 0.23646642825282943 26.424307126481924
0 72 -27.145802435941597 -4.986376459689829 -0.5893992966367932 -40.86887537374964 -5.9996388283901725 -8.64840370637804 -14.625307062933054 -4.193012148746796 -16.555967786315364 -5.327701648242956 -12.338681736718726 9.49733135121565 18.561519636237254 8.368888333035379 -5.4436010932867696 4.883914581108238 -34.25040003052155 -31.525924926386075 1.3562129219709282 44.87141827819922
0 73 -14.79820899254979 -2.957677161089675 -0.6140142380218269 -22.811932650790435 -3.1080540246464023 -4.784404759866748 -7.8705129708951596 -2.1373669924904277 -9.118914301866758 -2.90681067397115 -6.950607397742099 5.453208135929984 10.111966306035978 4.1138192682924135 -2.7879705545151445 2.2762206392526534 -18.60019220957232 -17.00136037252787 0.9280452975252745 24.55260181716951
0 74 -192.10795217115918 -36.23932331542973 -3.0048910011497485 -292.70329919687896 -41.65434083333311 -63.77458259296662 -104.30784536235909 -37.17010902745168 -122.66581845731564 -40.2941715527849 -88.22815270732895 72.72674333989515 126.16775844925692 50.66429200535346 -40.58685319341783 27.32985649694385 -243.4476288686768 -223.03052795282161 3.103469281833834 312.9456990767051
0 75 -82.17852215713087 -19.177521619012676 -3.1748909847429996 -125.71270110417517 -18.475817797008528 -27.688161108531304 -44.44724632215001 -16.227061725914727 -55.137515559896194 -17.625122414916774 -38.94269685233137 26.48153637321733 50.735546059675706 20.659265386309723 -19.099065605760362 7.812083533537915 -103.04801511745329 -95.58057380702513 0.12226862660562064 131.1102197575247
0 76 -7.388826726022596 -2.1392352236354517 -0.747292254940522 -11.525543187874577 -1.761868323139602 -2.668080059798047 -3.990614543147802 -1.8759593051355852 -5.312438170460237 -1.6749695986973978 -3.4362593054091275 2.4310174079516527 4.181031052929764 1.3838392636611674 -1.6317111054444833 0.2685661677726381 -9.220229949946585 -8.623430619865582 -0.20171718090032578 11.431461906465849
0 77 -12.038268723861098 -2.5061042210299886 -0.5575105646440973 -18.3198454071243 -2.663697069705253 -3.8714106556309726 -6.414316908649195 -2.0675208984361793 -7.589953588707194 -2.4434737688551937 -5.616609554845705 4.378322442703421 8.10444502666055 3.203795296511949 -2.492604621918597 1.6567690319423458 -15.14465915627339 -14.00555137646537 0.43791234826472153 19.751838335169342
0 78 -5.975000939127666 -1.3823972488691 -0.3423730608877728 -9.208295072869703 -1.3123574703751517 -1.9154952213453875 -3.1955400130270064 -0.9775575189553696 -3.8101181860845994 -1.3352008680073035 -2.8160977593493084 2.1620524307187057 3.869417278288897 1.468619209134145 -1.2999565168176235 0.7289210386114673 -7.407809077283209 -6.896356125960326 0.1688928965122828 9.57622848331656
0 79 -94.7779346427262 -22.097407869169356 -3.8865203906505035 -145.0409820729833 -21.195999806879385 -31.95181424316164 -51.13558118427079 -18.489189600303057 -63.48831684680599 -20.341375078513288 -44.69542297921079 31.102695769691742 58.86976916511873 23.71484213301297 -21.695465416815406 9.243822757552072 -118.9645522567469 -110.06385806028 0.32957450284086337 151.55548475262052
0 80 -107.34039567430649 -18.9117693612982 -1.0721208228985182 -163.4573069315049 -23.443027959218664 -36.044118789034805 -58.85715715530267 -22.025961804451434 -68.35484464827857 -22.709436638919126 -49.20505272905739 41.328431198952565 70.24538785995082 27.008483918758593 -22.804628877834844 14.519649623029244 -135.95070365139384 -124.34499048509538 0.8976842915490083 173.26630837167795
0 81 -10.509061363890352 -2.610842003801126 -0.465931038295167 -16.53399479686391 -2.125161998201746 -3.6143837672896804 -5.537550404110511 -2.0244292678033506 -7.479202255367931 -2.2887796776742473 -4.941194807891416 4.0126011506860895 6.530687637543142 2.3136226960394533 -1.9581231456376602 0.8893050566371289 -13.274257152777174 -12.408762107145762 0.20352510450291597 16.95854984700205
0 82 -14.011942427225414 -2.454485535750279 -0.14026167802653697 -20.811910834176032 -3.0829379139877267 -4.367950016651549 -7.5809162177693405 -2.432657811879997 -8.579089614680164 -2.8339627377723797 -6.288406959517314 4.846896495730773 9.26142429186786 4.3732021735577735 -2.7553752126414626 2.6062549499732146 -17.484618141539354 -16.294383134419636 0.5962800846819237 22.50163454252431
0 83 -9.629501440971088 -1.8293622963362812 -0.3924163231295358 -14.860349519708599 -2.086624741385123 -3.095183330597737 -5.1507504222585965 -1.3775159677844329 -5.895450255038259 -2.031352367338322 -4.596366346829641 3.5931549668759244 6.6621546888808645 2.78246456521857 -1.9802554217833817 1.5313978544739202 -12.27129576073925 -11.25328401825851 0.562657593124981 16.04131301411326
0 84 -124.41867949726641 -22.412937448951023 -1.416082689396575 -189.35350757796124 -27.078259055563752 -41.69879827623911 -67.9095231864876 -25.089327998421417 -79.50647959618165 -26.20088074476883 -57.03052496248706 47.336831493529886 81.23954081627684 31.785352103959 -26.24612093039786 16.88316348716667 -157.47365133813653 -144.2496338081943 1.2783327269408944 200.894555642565
0 85 -96.3422260809814 -19.693389423029597 -2.5194971601991782 -147.01325657667027 -21.39196124078487 -32.38959172467517 -52.3634999019259 -19.254181673641746 -63.00118331982737 -20.522796808681104 -44.87297858912167 34.01221366092145 61.54437664197714 24.448963990438852 -21.386202551006228 11.094099701886337 -121.6683362980033 -111.94343629448059 0.5776194827148758 154.91662559096295
0 86 -9.075678245841203 -2.4278603309140925 -0.5460751453361014 -14.163686510505523 -1.8825646425156817 -3.1363884357792604 -4.795640142788216 -1.8424151805443987 -6.493055379598382 -1.9959272241249704 -4.338630521385473 3.1577308420356482 5.3651250663822685 1.9181698656279957 -1.8239396033884572 0.6318224590506913 -11.33645223204321 -10.64203036315805 -0.039842476568902795 14.220715347403415
0 87 -13.4696707569565 -2.6993949910322113 -0.4111958482470325 -20.205839882175685 -3.009351033645548 -4.390191418240739 -7.253953176394632 -2.329572700185762 -8.3100235629537 -2.64128680379789 -6.097118129174484 4.81262758860773 9.101361538356903 3.940608503278626 -2.626556049496992 2.2642304333438674 -16.765870767268094 -15.586340041676129 0.5479547580177269 21.953290258114116
0 88 -7.736772796484409 -1.5312578338487988 -0.3609996437926959 -12.058683774438377 -1.674462374308251 -2.6531531554060632 -4.132192042993394 -1.2668496672501202 -4.932668088851049 -1.6464539169755599 -3.622578975933974 2.8315034580011584 5.305255293547489 2.027724328209941 -1.4697962150032668 1.0936036564052647 -9.753270777519983 -8.900167377556063 0.32951481713168507 12.73602559705692
0 89 -111.4176664150739 -23.012466940810672 -3.0927412953381954 -169.98680215119336 -24.66144655330671 -37.453683458097146 -60.496028621172314 -21.852857789372276 -72.88233762132325 -23.72311826565969 -51.70838633145684 39.527550268541695 71.24823046991956 28.269815682815253 -24.39750686225916 13.046342902290883 -140.43515301315924 -129.26388626773422 0.9256548745892025 179.4058715531759
0 90 2333.464336135576 792.9953177990338 601.5710662093323 3858.622180524119 459.02757937312657 628.8717188991174 784.8307210523749 -278.03014320183814 1228.2366513013778 355.00368811032894 1248.4925728455466 -1382.8025132452071 -2827.1492140741707 -1148.9161381837346 318.515496740308 -282.3204024327587 2811.612507793181 2620.551062448339 -821.100474238747 -7017.006454237972
0 91 -12.699819198721968 1.5420059935833403 7.3198796058803195 -17.960465489382706 -0.10305288547636947 -2.290374707511199 -6.747150634581592 1.755299730130786 -7.526446071677518 -2.349852030195082 -4.771674521108058 7.800017109801015 10.084738805780727 8.911370374869039 -0.2895213796705083 6.044655637824973 -16.860012961837644 -15.02043136627604 1.0413360226167467 27.637139177123625
0 92 450.59727308325995 270.4006636108599 321.4673670938418 950.8967180455287 123.99796756860223 222.50455229715303 208.565297725139 76.12966135443071 301.76531785299994 120.8105506570662 350.71839171358545 -489.79090355559464 -542.487035470925 269.73644723655383 20.500882462424013 269.1116664528453 608.4219849562932 536.9306865266884 -142.73511432005245 -1075.4036474258512
0 93 -7.876429594421829 -1.2169019533233172 -0.0902651382719155 -11.9367136641267 -1.6039999459968064 -2.381386064444661 -4.297352770281281 -0.7991632958966456 -4.6597853739016255 -1.415326145623437 -3.697824536419003 3.1438788270443636 5.606229302508953 2.4172457817827966 -1.5310031333065044 1.4595184870020645 -9.899921373966848 -8.941387938204068 0.5516955492623832 13.263422133337196
0 94 2637.393535131526 1104.295146418797 993.8590095985677 4640.397806001749 554.3481400650996 815.0369982917234 911.556535703369 -242.73493093633175 1478.577383834764 448.08761605584493 1571.8210844519938 -1811.675353472768 -3257.1251953990923 -771.215229727481 318.1759533073659 86.45481947745851 3231.1885171664258 3000.277427257439 -964.5837463754011 -7807.985526033438
0 95 -0.6096894960208357 -0.0601611693880572 -0.08477856418483357 -0.858667983439585 -0.1194285022535298 -0.25195358036966103 -0.3534920272879485 -0.09784121677061815 -0.318294260652468 -0.16179925505238246 -0.33962645748630726 0.13360805959553726 0.30910497769339745 0.20454980096333075 -0.18868982562060732 0.12299514044013228 -0.6722423112939326 -0.7672368171536258 -0.04521339316556597 1.0427831462664066
0 96 -0.5077487401350897 -0.09234586554943061 -0.1223316416969924 -0.7228965901141136 -0.05697168453773314 -0.186019796101748 -0.16476222234958096 -0.17703450336261986 -0.36381239925964404 -0.1944690104452558 -0.2796217237919101 0.21289863208650464 0.22441450616847036 0.19809033726507871 -0.005752138822881531 0.02422538494391782 -0.5230176093955808 -0.5079816188197934 -0.01826573145902202 0.7479129338315927
0 97 -1.3317187062537688 -0.1996462085772233 0.02099981573346323 -2.154687515491982 -0.40505056054046285 -0.35582659576112113 -0.8175523488201708 -0.32389732373969554 -0.8235140264298546 -0.3381479567383492 -0.6254838557708079 0.5474317800401343 0.8447718201777348 0.45844442185868595 -0.31238249595287704 0.13759906446249034 -1.7847844253483118 -1.627905267046667 0.02116422541534552 2.2882337554249688
0 98 -0.747743355055177 -0.1400326743141495 -0.023905292462994714 -1.0594851038446438 -0.21532806325758386 -0.19769710711812788 -0.2830015729440798 -0.1900273672511855 -0.4893545851412873 -0.20306850175464702 -0.29592491353842626 0.15073619589659296 0.3580521618471961 0.2335198431113369 -0.03595572812146935 0.021928221451501743 -0.9256101448266856 -0.7889412093855218 0.12699676090394246 1.0426468021134014
0 99 -0.6341070490337075 -0.20343393334255963 -0.12738798132561585 -0.9767490952673304 -0.17326020184337645 -0.23418657614983734 -0.37499336785393084 -0.023353084537497317 -0.34645863781985253 -0.22712383515094683 -0.31285792770269566 0.10498508283750539 0.39286271464503686 0.14430581370467951 -0.12212943870107579 0.0836598782458179 -0.7999578688318415 -0.7836812048965746 -0.007964576441264245 1.0740342189909708
0 100 -0.5372435399523353 7.301013256192376E-4 -0.03017962010149013 -0.5996125260424686 -0.19854049785160122 -0.07848349036032061 -0.29257776079415065 -0.07886212688451434 -0.3418968492674859 -0.04679203489935585 -0.20765272689571296 0.05532627336276039 0.2802016450098024 0.08690144552041362 -0.14116025994629963 0.009739935995214435 -0.5884195802746364 -0.49478040925352806 0.10158020623060404 0.7562346132739253
0 101 -0.5466631352587075 -0.12535267634389977 0.07043090969725757 -0.7335038435549188 -0.17490687063811874 -0.22893606894066587 -0.31310351651371565 -0.007685241689102652 -0.2384717998769145 -0.14650904062559097 -0.22285351493956362 0.2526366665462126 0.24177223066086156 0.11439602646285549 -0.16167424408574427 0.09156902594389918 -0.7390182101948872 -0.5001963499915608 -0.05948340751887554 0.9292591900795456
0 102 -1.1843377694871062 -0.23275307798950978 -0.12105337893506764 -1.734029960327387 -0.22349936332791456 -0.4392223239060132 -0.6291266703437782 -0.2523409010477976 -0.707760096125631 -0.2513193938686773 -0.48534312357754433 0.42565353695938607 0.7839089026038778 0.4166185665464553 -0.24631721008695873 0.1148591947379245 -1.4865850024560796 -1.4130153641147039 0.05658548524627739 2.0416591147701832
0 103 -0.865502162013266 -0.21208426662957475 -0.13494795983948857 -1.3400868037417353 -0.19444605077475957 -0.26135327487536186 -0.3761339363229034 -0.10168359426916443 -0.4979802293210092 -0.13128946160950622 -0.32417920608827194 0.31174977531428344 0.6161533245504851 0.147792578079411 -0.19461715891655706 0.10016876519283445 -1.0231817035399373 -0.8909419625713597 0.08252987134066983 1.3916080686469217
0 104 -0.4734307649032086 -0.11387092912570385 -0.031559149878024356 -0.8706364549609443 -0.15108316611732814 -0.0710620184823008 -0.2560943143077073 -0.01032623461459889 -0.24955679982881296 -0.06642321928604773 -0.23199147522230948 0.23079421989431287 0.31231284471594417 0.09193732098170232 -0.059583127570368224 0.11842532261802723 -0.6476393920182932 -0.6649109170783484 -0.024654675608522286 0.9240014828596823
0 105 -21.761279040031578 -3.8068897406455124 -0.6208156533109837 -33.08103605557438 -4.788071509931029 -7.030191379119361 -11.530520039657818 -3.252506971290798 -13.019085854694886 -4.253807688814365 -10.017923024612116 8.24897998513482 15.453457206729666 6.541500644033058 -4.425179883437291 3.8790011063614114 -27.18065263256443 -25.07878702870668 1.3696477305209158 36.59182170893927
0 106 -9.116336537270756 -2.1210310742279206 -0.2861166106849188 -14.270311099708907 -1.9102505796962248 -3.01474502126635 -4.766615327204581 -1.423095358558539 -5.917940890247367 -1.8188053166483804 -4.254491967935478 3.530986712974348 6.184880619712225 2.472955433527882 -1.6703693194138824 1.1823801844070578 -11.597733815705375 -10.626918100469043 0.375648417566526 15.233007236801877
0 107 -27.098024484560923 -4.926479522690013 -0.9228156563022362 -41.11030979019094 -6.187788540475205 -8.594259680858476 -14.49991086652416 -3.813954691727463 -15.995469890325118 -5.281000337038033 -12.652915446442181 9.921842889557773 19.11242887388208 8.22016329619635 -5.3065394131956785 4.7324185333656885 -33.930955290536595 -31.29648696270677 1.8055644925625087 45.88549944568158
0 108 -14.49949461495809 -2.895449995557423 -0.6147211813551522 -22.29957605467383 -3.05625181996777 -4.743735553640854 -7.625482229058216 -2.1641009477955797 -8.76818295494028 -2.8195287914628304 -6.835906965500586 5.280469763694432 10.108882798360604 3.9937829820917816 -2.741111535740287 2.328094197217524 -18.080998402012348 -16.56789665934316 0.8348670286361765 24.191843869479648
0 109 -23.763118466658934 -4.335255548564232 -0.8871415035686139 -36.01788772485578 -5.33196685210604 -7.724792578511544 -12.651857173749674 -3.5649246703675814 -14.123687354920836 -4.755178207996039 -10.830212201175788 8.845607007819977 16.789624519557265 7.150495932823051 -4.70015425183493 4.0954008266183255 -29.837774969946732 -27.543455171168407 1.5420375181302313 40.02579882199223
0 110 -11.774294217567787 -2.4577205414992283 -0.7257431035180424 -18.189399036832157 -2.788966760904459 -3.87329948139679 -6.329790417081179 -1.9773016206243026 -7.169686022494408 -2.4499171863592935 -5.502118501694669 4.101284730580702 8.268063255698044 3.439898453443891 -2.440465205928941 1.9230981422827558 -14.949262183162736 -13.724150662088729 0.5736180448140283 19.808086520462854
0 111 -4.298638810812916 -1.472522271886882 -0.45170906592830173 -6.936305609220001 -1.0651911125943931 -1.598698549390707 -2.353836665779075 -1.1155574913998039 -3.2236509501931234 -1.0155269225684236 -2.243865209429947 1.2820588603895515 2.3720557737755166 0.8374990423766205 -0.9780850205034116 0.15147221818827336 -5.5235513994067515 -5.155865465687363 -0.23801461006470717 6.780927651794017
0 112 -14.632720913420311 -3.073140574820817 -0.7315815452736363 -22.230892751830904 -3.5820427693288828 -4.846404962790701 -7.830923100870022 -2.456695882467809 -8.91953916157131 -2.8559109229682837 -6.869741726807836 4.79435689003416 9.900852804760403 4.185396002414053 -3.2070338065489 2.2154794048319033 -18.394155646432345 -16.953557919270388 0.6387567636927229 24.3530344280383
0 113 -6.4234276652303866 -1.6373737344011976 -0.47858913799911973 -9.971451029575427 -1.6463896885760967 -2.351714127837382 -3.410660705102625 -1.3847215284309742 -4.194692466039854 -1.4865781526601185 -3.1611852769697104 2.0347494264146953 3.916088898100769 1.4943150483018661 -1.4917781645265067 0.5922768455576067 -8.145450628591165 -7.568304974671347 0.026980785052494186 10.264134307714311
0 114 -12.98855654273851 -2.7054585337676644 -0.8019643305258429 -19.964654935464328 -3.1243464612248135 -4.253069050404883 -6.8829631738955355 -2.043722830984326 -7.919045557994152 -2.5712020658957386 -6.17229661713177 4.41561616131817 8.872858638296506 3.7222994801433487 -2.651998374014915 1.9586396179104781 -16.310033984625026 -15.167638599706104 0.7033201549560976 21.640465194053984
0 115 -7.506327547341955 -1.7506051500018314 -0.4814720395448885 -11.739109328178625 -1.8541560505429606 -2.505960087484362 -4.125167240327795 -1.4771697763809288 -4.80717294072319 -1.5798972009886847 -3.557729559757753 2.4795127540120734 4.9883526776010525 1.968207252578638 -1.7557595818739016 0.9791251910843632 -9.534720342621535 -8.803859496391354 0.23132210144713244 12.49023405084331
0 116 -1.5205440499518739 -0.7271522007068238 -0.23688803612891127 -2.4270326129557915 -0.4186738722225499 -0.6167718852555669 -0.7720060887873644 -0.642698183873561 -1.1852117719982531 -0.42590338167392056 -0.7469548363906963 0.18390789702483396 0.4291479716808453 0.12909808021837216 -0.5083865394073342 -0.2253962178271512 -1.8299730996553272 -1.7301069862596787 -0.27467825200119433 1.9382899829029296
0 117 -4.464521886051458 -1.1754133974809395 -0.2574316535539499 -6.846732409115914 -1.2282830308741133 -1.5035298832245134 -2.473080533369669 -1.06212532891645 -2.896294612302837 -0.9098843375783293 -2.1822124425655165 1.176911661181065 2.630617307473308 1.077177637981638 -1.057853275373851 0.35484582999398717 -5.638119980968267 -5.135736020816308 0.008926375312104752 7.053637167588146
0 118 -2.689541042360183 -0.9899575733466265 -0.30451925570724386 -4.239604867919146 -0.8686985037061133 -1.1542771011508919 -1.4587248156573709 -0.7743949344238958 -1.9273011824397177 -0.6472219769682512 -1.4112559198861088 0.6207171987404009 1.362833715846937 0.4062823800146303 -0.6853411623702036 -0.09273647576672141 -3.522013399272183 -3.2409580733203396 -0.24532561617280194 3.9146913594883093
0 119 -8.220444940302832 -1.9196803899798074 -0.5601482940546798 -12.777469225701449 -1.8994425537461874 -2.828436074235417 -4.526362559696457 -1.6001986021715473 -5.243523869438159 -1.7057820811310835 -3.8505611978428473 2.8233353162692945 5.49209803904356 2.1833168193527923 -1.7599447703728524 0.9792594909209145 -10.499257344994902 -9.582789238122418 0.29676446299144643 13.61322776203245
0 120 -11.309275444584205 -2.335400727391799 -0.7459557603055212 -17.280737576854346 -2.686286194609682 -3.821390112808987 -6.056187174450092 -1.8611170664444774 -6.834433950090767 -2.3435866147567768 -5.2575153887316395 3.9496101321804793 7.774003962048584 3.2344170251435798 -2.3205847023370283 1.8345477277171094 -14.225611244448633 -13.082994427301834 0.6352421438082518 18.93776076886995
0 121 -5.29897121514586 -1.6518777234373674 -0.4859568783671667 -8.334994431932573 -1.3113974169854916 -1.9890276910971578 -2.905433980811208 -1.3645748719856825 -3.8573725691508853 -1.3062921729537098 -2.7144030130144343 1.4658378642532006 3.0612286491618823 0.981646643901606 -1.3131993380826388 0.028492311050764284 -6.650211735800386 -6.201073334155766 -0.12628602183296506 8.137043818098242
0 122 -19.21282881068306 -4.017296654938546 -0.848569540842232 -29.243953166198175 -4.626261590877849 -6.445661063887009 -10.255751473708598 -3.2081155105419836 -11.77157849256026 -3.9046507617882167 -9.18875829312656 6.435199010357753 13.136809484968838 5.554030856574359 -4.204750176482269 2.8745053822746764 -24.153901275285914 -22.22863630464736 0.9625766443559908 32.164940278087904
0 123 -8.399039827937138 -2.213047188071327 -0.6178815213686486 -13.134387462670459 -2.1359623835230237 -2.827957393789217 -4.612269340285262 -1.6478382536989529 -5.664811996351347 -1.8039552428426797 -4.143481564778275 2.6119255028504433 5.2816372600409816 2.018551502972419 -2.0290756114629698 0.7014302779874357 -10.565258614830476 -9.736847614832248 0.00831822681322358 13.635255851668704
0 124 -12.44212930953268 -2.654293208676708 -0.6831355029354614 -19.054813499853417 -2.9535986597363126 -4.06240067040491 -6.755379552623981 -2.0035105824372863 -7.5681813262550355 -2.533043798517757 -5.790478602237164 4.293268918683952 8.450255512408582 3.449852195383312 -2.573898681113536 1.9790140963217484 -15.692974451374722 -14.428121034753602 0.7354354576387869 20.689442666240883
0 125 0.08556149165019883 0.050465423752217985 0.03994331498035923 0.0687560006057981 0.06823575932904004 -0.015408579478368347 0.09763599332433048 0.04627943558224942 0.04124692814970806 0.007469207542663956 0.050048075757281436 0.08489508193826513 -0.06926284950080233 -0.08298474039821867 -0.0505060307545368 -0.06228624745233061 0.13131642706275545 -0.012254575175236078 -0.02337753245376179 -0.23901961821401382
0 126 -3.360924664674511 -0.419410899799724 -0.5724708341646416 -5.799957947643647 0.03619032529046953 -0.7736930498165033 -1.2627912715340934 0.8761624343351706 -1.7206983261923492 -0.21204375064327866 -1.3383439494627776 3.5075012872762974 4.11617133874635 0.8407024074293532 0.3601081038067591 1.2581408393796196 -4.000637721630415 -3.603735517581508 1.4697178606567807 6.4547574195518775
0 127 -13847.505551903867 -52426.18905965053 -94259.41259630834 -20892.912166918133 -50645.96090103716 -39965.840045245335 -436.9454420011615 -92623.43459910166 -8338.194154527137 -39049.00646896226 -7235.46303239602 -112913.71448732821 5783.725941616293 1245.2369427399672 -22331.503972670773 -19258.05127014608 -36853.09263599562 -12166.087286227574 -3759.3632919395677 -59684.17499530976
0 128 -14.605319306261148 -3.0527807138165586 -0.12438510787581689 -22.01105209982919 -3.1619368589144647 -4.748184893354029 -7.688644794102212 -2.3482856202842473 -9.330467470691408 -3.128369804645687 -6.734708860143896 4.9246815487504865 9.369365253217655 4.455071867276002 -2.9701929246002545 1.7372652026197049 -18.43978365235518 -16.888627535933477 0.34504702886098587 23.98563861500859
0 129 -13503.793678634831 -4061.7879516961816 157.41966177208923 -20303.979041116687 -3314.657849687745 -4482.192400514329 -7349.389493749092 -3757.269610705394 -9850.19814115987 -3028.1414087397548 -6719.097438956792 2830.9893623301728 7072.517239753048 4167.320173549954 -3364.2276605429292 1253.3081039320211 -17210.60506872204 -15865.174408765859 -716.1510336360607 21481.672337987427
0 130 -16039.918932797285 -3843.1026464941874 -294.2820723941312 -24132.881523214714 -3838.045923244034 -5219.787471265662 -8395.208264425488 -3072.4657982952012 -11014.715537091506 -3278.3470632909607 -7830.197149856844 3794.200826115517 9376.039175220856 4625.157521218804 -3369.4850569638625 1502.66771856931 -19972.572343144042 -18339.137748518166 318.6717234161754 24917.499190121915
0 131 13.071751549000572 2.486473889597736 0.06579736114632563 20.131266605287966 2.3586641583010177 3.8506362350708256 6.786089742071735 1.0836167431715777 7.89268670603271 2.3740833306889497 6.395868478437085 -5.193117909217148 -9.383046686746589 -4.387081722583957 2.6382923600297685 -2.251220695552082 16.416691033880323 14.486543430514235 -0.95643221501936 -22.7192637487225
0 132 40.41534432850786 8.360689483040384 1.2533636106891541 59.7792578606182 9.580258353491093 13.143564413737126 21.846075288665354 7.25899029972236 24.728245175172678 8.544644024664136 18.21731351182668 -11.824670012938693 -26.305506443824545 -13.160896940234624 8.161311170414363 -6.271410314626196 50.58737332147464 46.48412886657507 -1.8766843451852653 -66.90445774077604
0 133 -7774.800405651485 -2040.3997336480502 -439.3355671799959 -14276.845300947503 -1190.5900907088524 -2506.0307842860298 -4025.5815057800696 -345.9200397243298 -5544.485569492022 -1151.2583881991775 -4565.319981513794 4642.30024854125 6255.789403451069 1719.473097381047 -1279.5531820659237 822.9615851828408 -10347.82558013828 -9570.443150345625 723.6562735481842 13812.321707576162
0 134 2076.286844223824 375.8517103411676 294.3857576827271 2731.141118530018 309.1003898196953 415.66764276994866 721.8330062158552 -406.4781070508851 183.39253056345774 238.9953443938906 1018.0920877885667 -640.9527587016627 -3459.212483719248 -1807.7780539545095 118.6110278944129 -844.5485284449838 2344.9233117769413 2280.274587997582 -1052.060449704444 -6473.746579173602
0 135 -146687.2263520826 25264.068737570786 31519.253368608086 -229504.94231192462 7348.797033654538 -38493.342565851315 -68837.67672601072 43153.143573496855 -56025.67848567328 -8063.548724153659 -64978.11656534691 67230.21882292349 141322.76516393104 57547.579899261014 3756.9449739876086 51260.00301614506 -146021.56649594143 -138850.609595938 17972.077537272842 280597.5698936394
0 136 0.04980065861982381 -0.04863074576209895 0.09725797037573158 0.0032237236249432048 -0.039648273603878445 -0.06255293245321777 0.03520115102837194 0.08897609159335845 -0.0927556094610519 0.04145143028180676 0.07819252692664459 -6.884747148201328E-5 0.0304061595981395 -0.03556103934616002 0.0017605645020703354 0.0034401865459963285 -0.0899596264222964 0.0164470244969049 0.06962923175447878 0.035857675473974164 0.060715321122701615 -4.557672970674339E-4 -0.0010757133159122825 -0.08656763552382103 -0.06287657337543077 0.05268697783808637 0.05939146967526823 -0.015607835135191194 0.05899271666244613 -0.08724741730847276 0.04775620107127883 -0.023656987762374335 0.07386612532619356 -0.0744242108190159 0.0785466468438568 -0.00143460664549626 -0.00914833901887659 0.0017540543694549015 0.05647621400868924 0.07455314161730525 -0.044087789750826216
1 0 -0.018725643097814916 0.061467008966294125 -0.11699910839178494 0.12608171986003627 0.1949699922830549 -0.004223211436897688 -0.07554781021087466 0.14855657152680118 -0.09464053256169358 -0.0689128176019874 -0.17291931546537317 0.14401180724633655 0.06815074696685906 -0.005229923394936079 -0.2205643997656798 -0.07516508809650271 0.014205075509265233 -0.10407457763805475 -0.08771369639594385 0.06320629043717059
1 1 -0.08821952790642339 -0.09832499410919665 -0.05140302594556282 0.005080904637963517 0.0022853577770466987 -0.007497173903470946 -0.21602495856050158 -0.03256134239873446 0.07241954236271221 0.04753527523742448 0.12637158187553024 -0.092497129247896 -0.11008925528198507 0.018387950705357984 -0.09941784698535942 0.01259672495477815 0.17219899356759752 -0.08553130610155096 0.1285576789798943 -0.12069522448271902
1 2 -0.14489886975109442 -0.08135296681947703 -0.015560882551493202 0.04681546545915885 -0.1455345851296229 -0.055116423187979324 0.15357324689455037 0.11847573826457898 -0.02199373139039608 0.07718889793348714 0.07808532375097563 0.007312938465508691 0.16295049518607796 -0.12900399051507858 -0.12594220332418604 -0.0057768009368168016 -0.008171072178349717 0.024267946055697546 0.06647954164013134 -0.03149740253718028
1 3 -0.041987399837868394 -0.003148881314633343 -0.16374344329464544 0.035426579506453594 -0.03875615077925114 -0.10854778647064604 -0.061332536948942716 -0.13155247687596922 -0.05078952247342741 -0.06182789068188356 0.2064846312021609 -0.021279061447130855 -0.1201459806714904 0.024868671567737425 -0.10387885005946378 -0.176474397888445 -0.010876807289179571 0.03753624889387948 -0.04132485954053482 0.08086773484070492
1 4 0.011282355131425404 -0.0038867746196158104 0.1263131429404068 0.042853547460386145 -0.012424264225782043 -0.05199919645259716 -0.16086783047378367 0.02997104653361027 0.050986219834363626 -0.01062781019585586 -0.025262060051210428 -0.053282538081480396 0.23444239036698541 0.029390229193536874 -0.10894977966294754 0.06285907652162935 -0.020614791785071827 -0.1474739351147244 0.07981219074036862 -0.17085326917318047
1 5 -0.09548981736579068 0.0014430880688900804 0.017776257604065416 0.137632436991941 -0.12308879476194146 0.04867539711515301 0.05111537456840336 0.005709155991378715 -0.013991212448559507 0.05757691110776185 0.007385362531616952 0.04589134619692462 -0.16299519540787574 -0.09000781087020991 -0.02239433133723092 0.07089965375881949 0.13438693828349657 -0.006107018644739263 -0.19598723775098018 -0.01975344579851702
1 6 0.013894739659832808 -0.07378130956633218 -0.0976269027637432 -0.0043087739950213215 -0.015071837210171034 0.047970168446109594 -0.005731018526947937 -0.0013985226328456074 -0.0268799261242677 0.05551985508278339 -0.10385962444413714 0.05010329842543905 -0.008187981670630465 0.08222465855856088 -0.06163310233627752 0.04970778511454403 -0.026206128205001095 0.049320319403055604 -0.07758490435493738 0.01556530776966763
1 7 -0.0557236049001825 -0.15012257168667195 -0.02597157230810135 0.01355067398725086 -0.06902593319406077 0.030084360940180643 -0.15260014070626124 -0.03649367342838588 0.06121933781967293 -0.02004103907894809 0.25214395136248735 0.11205814951373785 -0.16702179544328696 0.008601673343892674 -0.19517891055271178 -0.14388417392118347 0.10340812307795061 -0.041908041243616134 0.1487773149295785 -0.006753119931965509
1 8 0.02744924270580315 0.03270204199981373 -0.04866691788915918 -0.062139217480789044 0.03331786863453568 -0.09666569698913267 0.08772398519946388 0.08743454045418092 -0.07805738809452785 0.2394446614309537 0.08625672586814441 0.09746968536984625 -0.021923332875455726 0.08301107371458358 5.5283006234577916E-5 -0.17109551933126305 -0.19135592746995717 0.22111251542535731 0.016422668346247917 0.08861739589547594
1 9 0.03968290597225876 -0.04280635360494482 -0.045441145176697756 0.026233758410496192 -0.02039974433439789 0.051072794811038644 -0.09807007179553659 -0.05709813194621615 0.02385638189332474 -0.007392555145227385 -0.09110546594320332 -0.012436142753464588 -0.09434646893494866 -0.05948151844361584 -0.03764420564958841 0.06231700608646081 -0.018165796569577956 -0.02700041179956145 0.0465312673947608 0.05617662932008071
1 10 0.2697808531453109 0.030894956002931344 0.06769707401396705 -0.1274236864035715 0.1850442291608431 -0.08307983548400351 -0.12479221575167748 -0.043173350157226446 0.046680138813696904 0.029478682321619414 -0.10594459799167669 0.09304685442274897 -0.013242118931672889 0.047795113479064295 0.06418853143061092 -0.025921222932383 -0.017811301854205732 0.17093842188017794 0.06566598489376513 -0.024096423240052657
1 11 -0.1416970522291476 0.01419975554199175 0.009280703663934268 0.02643494161333179 0.057213807546708476 -0.11852648254802693 -0.14751519262489302 -0.0021272603956123135 0.0436345737842862 0.028217443449582283 0.06173080739454618 0.19764124224088522 -0.2516412178919005 0.07795964378498288 -0.1548688564372297 -0.09853717737377317 0.07578159523653558 0.11057305898172419 0.09002858678691007 -0.11495272556028788
1 12 0.10655072372570933 0.023424099125245023 0.08990770634703597 -0.051441752543382784 0.11357614952301019 -0.11199947160127131 0.01957566054855809 0.08462218476106637 -0.12169936207673324 -0.004321517861462463 -0.003705996145629034 0.01274781536427507 0.1369378411424792 0.018711600235391385 0.08032955177701957 0.045429569378515666 0.013270505648236692 0.15663520588644061 0.004068160599254728 0.08204041394412072
1 13 -0.025212736411780817 0.002890346795810309 0.07106532700038645 -0.11901113862856533 -0.012562148207852298 0.048622530322982124 0.1079647546279459 0.10364314631381709 0.15947207740912936 0.06304519956644317 0.04204069089569351 0.20080409004628136 -0.06497271639917798 0.03628022697137478 -0.2319942348414074 -0.0644809925392368 0.05984878938575058 0.03456064038863319 0.1749599664766929 -0.12169992169250513
1 14 -0.09254701011374059 -0.06589344461012409 0.02566846728759905 -0.006579325527105068 0.018919610544665406 0.01176022147368699 -0.10012185238807657 0.012270172232242785 0.08990901810383582 -0.06857647135787895 -0.07456143496149195 -0.17215485343203246 -0.022823533095219655 0.17081650491387615 -0.10183267324691969 0.15702563474391273 -0.06996794652735316 -0.08245019179417808 0.08138114892446592 0.0674725217552048
1 15 0.022624440564656866 -0.057606399816428684 -0.03413333298432142 -0.06982724117275482 -0.06512963285693293 0.06695182628455797 -0.14476403719616798 2.5108851863679703E-4 0.14789663797300012 -0.10726128108442083 -0.10696240400558851 0.21713737740349917 -0.16978290089023626 -0.16462963632254657 0.03425562616089487 0.015621623081981766 -0.19131115701589488 0.03337472075664537 -0.025123998116719892 -0.003072576003561764
1 16 0.04494373958915987 -0.0018839192325124765 -0.0666537149042496 0.025656144293974604 0.045534502780272046 -0.02366822752693503 0.1661716830857252 -0.09433172538758824 -0.16639258278264443 -0.009693444160805227 0.14433767217628288 -0.039919106378182675 0.05653374210551068 -0.12119794409048476 0.01775168968184516 0.023799961032919672 -0.11576674794952758 -0.043800470821545284 -0.18553246000663898 0.1181882978523636
1 17 0.07236996204706439 -0.13384347237673605 -0.06629389529090815 -0.027984122838168077 -0.131005475828811 0.09139278718797345 -0.14124882427025295 0.0071599441354077385 -0.015398897885052549 -0.07062512768174686 -0.036117644859534344 -0.06813080299516075 -0.025623251789457135 -0.10027231789738794 -0.07598002292669036 0.1552728118652371 0.05622979322321484 0.09919793754380288 0.09778637640469079 0.016170403014247808
1 18 0.15984368170450272 0.1259721788696066 -0.16994119132704075 -0.04226878645090643 -0.17846904745462416 0.02803464261329711 -0.08726086621231177 -0.1735222707855768 0.023205914619656463 -0.002947404427072023 0.10087332927332752 -0.04857717953773205 0.04751340016207786 0.09311153485118988 0.08966226183273703 0.15950941216895698 -0.1197199247244992 -0.014704967582535299 0.14941625583003001 0.13425200234289927
1 19 -0.03380311001058915 0.01607348960650397 -0.023119295062905082 0.04364809561619918 -0.0940971967646671 -0.06667009613159906 0.018190096230751806 0.07619170378947217 0.20448671303949678 -0.025943844925596274 0.07372242136072546 0.06878790587248494 0.012704925064920233 0.12663463345757822 -0.06925797445999449 -0.14847206955441913 -0.02452270385748591 -0.004132344075809241 0.1352730367409253 -0.211126299331479
2 0 -0.2653442183669242
2 1 -0.0810418470766591
2 2 0.043442741657891075
2 3 0.04174542652309389
2 4 -0.03935683461174031
2 5 -0.0603141566284107
2 6 -0.08317868884100202
2 7 0.09981724144828362
2 8 0.19659186939488554
2 9 0.0846566515939493
2 10 0.21279444192146763
2 11 0.16319699174924043
2 12 -0.1883194624903141
2 13 0.09100655086173225
2 14 -0.35728648605947666
2 15 -0.2539095888991856
2 16 0.17136239496889175
2 17 -0.04876172676831407
2 18 0.1773629124047396
2 19 -0.26918963581498595
