## RankNet
## Epochs = 50
## No. of features = 136
## No. of hidden layers = 1
## Layer 1: 15 neurons
1 2 3 4 5 6 7 8 9 10 11 12 13 14 15 16 17 18 19 20 21 22 23 24 25 26 27 28 29 30 31 32 33 34 35 36 37 38 39 40 41 42 43 44 45 46 47 48 49 50 51 52 53 54 55 56 57 58 59 60 61 62 63 64 65 66 67 68 69 70 71 72 73 74 75 76 77 78 79 80 81 82 83 84 85 86 87 88 89 90 91 92 93 94 95 96 97 98 99 100 101 102 103 104 105 106 107 108 109 110 111 112 113 114 115 116 117 118 119 120 121 122 123 124 125 126 127 128 129 130 131 132 133 134 135 136
1
15
0 0 -3.2214050795808045 14.431293130732678 1.164329275827219 -4.844565665623242 -13.685440539871587 -3.502813923587695 0.11067150843610597 2.681115817736547 0.0643019425640562 -23.082435044799528 -24.862134640617178 18.23557900560299 20.120748337321817 13.132001296024312 2.0567497196898024
0 1 -3.4070098880327078 15.406814523624021 1.246981384420708 -5.1906407592709325 -14.621928681121387 -3.9239831819036985 0.6222693365298162 2.8116053199570508 0.3762151521639462 -24.893120449397596 -26.66307682108037 19.256394389987012 21.490335252360797 13.904666301429966 2.3098301233985508
0 2 -9.822439949771685 43.52591243522013 3.29678199491126 -14.766520816731342 -41.54489131046635 -10.811665675039608 0.732796357869617 7.844134163109655 0.2956748879878343 -70.44736091694291 -75.58120397105984 55.20531347635815 60.95243579570897 39.91637384908426 6.326464069157923
0 3 -5.611506033178945 24.28415259074298 2.305821951063142 -8.313390556136014 -23.183850520698677 -6.373753225211213 1.1210232468874917 4.695413650509913 0.7973159947550733 -38.87137189036305 -41.69423799351225 30.455000516452422 33.529851118377415 21.923472795201004 3.8806797319929864
0 4 -3.441320509988313 15.628591543614005 1.2950914570993493 -5.401067129391797 -14.807174079865286 -3.827259297556597 0.38527336931707507 2.902820817044115 0.19049905890915647 -25.14076803654378 -26.97464220271529 19.724580152810905 21.637510085991067 14.11032503317188 2.3648136412275313
0 5 -1.4609141333115045 6.243033293841327 0.4836976463791354 -2.2907624694597946 -6.163172265138612 -1.4971146349491897 0.043134053301651626 1.3087933674457775 0.0956667128165449 -10.203169274574895 -11.026782539840857 7.9190431578577964 8.709552569121412 5.722656072666648 0.8529349283689026
0 6 -1.7800734776516898 7.605894933195812 0.7284509637984861 -2.675132991451176 -7.243782341868831 -2.060472808441177 0.3710184585653239 1.4232763508299862 0.29749818768987285 -12.385973266492336 -13.202092233421304 9.627349866405902 10.510368914748687 6.874016173267562 1.2072770879032855
0 7 -4.42419139243843 19.516848364147947 1.6583869573042804 -6.750014587878713 -18.77298939187712 -5.023410885410722 0.5277120627994442 3.7065013524537194 0.3303341678392924 -31.653471650592422 -33.822985199250596 24.739952375078463 27.201397855878692 17.71293293867667 3.0379988879934934
0 8 -2.9462448840762105 12.212103072153514 1.1432091414050505 -4.278006608799277 -11.664315526212999 -3.285544241535538 0.667193917845148 2.5856489737919697 0.5836841243133497 -19.49285232036009 -20.76713189098051 15.195658924076152 16.67966336422188 10.879764180525596 2.048122534289165
0 9 -1.6344057487095074 7.039431922466002 0.6457439428109021 -2.5571742538317106 -6.86939770128378 -1.7221760566412445 0.36474009404302493 1.4301711833668889 0.1928290890004952 -11.521718828857367 -12.34495489349889 8.934173699353403 9.825813946226079 6.2348985741645695 1.1388675766887246
0 10 2713.0945418726737 -11438.42588101933 -952.7785868587818 4069.4982448841733 11027.176934771629 2967.762536139437 -644.3456614197697 -2218.7230702645465 -249.22814753029954 18460.79107070448 19679.705550746694 -14370.807545985777 -15781.182177082457 -10233.796262688522 -1855.9475878321937
0 11 -6.346746722443398 34.86907351190594 1.629882600724967 -10.816056889951042 -33.044732718243154 -9.212766156319992 3.471165992888073 6.655035309666712 -1.5173185132098361 -56.40464255329833 -61.45540149422876 44.713918937534785 50.86428304984923 33.812533682244315 4.71281624750797
0 12 28.711477167707447 -138.02137917867216 -9.62945782651047 43.20832902638045 118.8168262235885 30.365510934118333 -1.7436183312916531 -23.52153151545518 -3.677460551129092 201.74907227798226 215.87669122159994 -174.02261846181224 -193.10940227768288 -125.40291554520975 -22.184643702414494
0 13 -1.3276861761329202 8.03122917960462 1.3846315680887966 -2.6615348694890657 -7.0525051825667555 -2.428161927426617 2.061954719688475 3.0114039987598407 1.5763235429624813 -11.755824333004805 -12.479549287663259 9.674177528154761 10.862306230547935 7.080638893302036 2.04882135492391
0 14 2734.1517316560717 -11533.534830901364 -959.2734878796232 4099.283411034401 11105.992271617028 2986.46982149768 -640.4461878849332 -2232.73518028957 -252.7675921776228 18594.267395812538 19821.505618818795 -14490.373051433347 -15912.635194604423 -10318.302088345206 -1871.5187358328658
0 15 0.03310815329850007 0.5108050419770834 0.0926480987949891 -0.06389301925732035 0.1943444838009808 0.061725452716595366 0.4422702922398478 0.3025417589989384 0.18114865275049113 0.1610245254551755 0.07792503235881737 0.5740671631191719 0.8376446811669599 0.721920585254987 0.2853325788626578
0 16 0.06905828863044124 0.7923833644164182 0.15990811146721176 0.10898141852394795 0.18531401023075117 0.2869469790880296 0.5475970368699908 0.336972989982702 0.2025589411333262 0.24974200339810662 0.2518774626604911 0.6844079071721069 0.9209981436026883 0.7437441310333696 0.37648135330137666
0 17 0.07891560051359921 0.726374178730395 0.21385497773158232 0.006592948223431549 0.15564379817445867 0.22971738172446765 0.5220525904721343 0.3394832874756392 0.15643257877661373 0.3452134130426426 0.14799250336111622 0.6637787612978422 0.9512854049251017 0.760214506048723 0.2982122194011473
0 18 0.07018033652857696 0.726768818156365 0.055436465217293354 0.12508920433846446 0.30152288658849985 0.1844019058546999 0.6045813450876099 0.31796018359127015 0.17035182651725417 0.32202279288441393 0.18002010166968005 0.8228901070788401 1.1159157747008455 0.7408546856706647 0.4595396820353209
0 19 8.879551204484812E-4 0.5524225048882033 0.16983710274415204 0.02484589681524778 0.1681424363716431 0.12107543176994744 0.43118872718902107 0.21202653476469113 0.10468729319813644 0.12108689372883297 0.23376750139050173 0.7181814534396256 0.8784266175452813 0.6513091945044823 0.30660075882937105
0 20 -142.10958990527183 621.6855267861898 52.40245629753705 -220.5372347868765 -610.0242961083683 -161.91266317878663 17.79291865553179 115.89214709073813 10.766984762818776 -1031.4626523941372 -1105.0046099432557 784.8610227109555 866.9003642165043 563.0466048006366 94.09092758605955
0 21 -7.093138148304136 29.81929442060192 2.619886231404049 -10.56195802707189 -28.964532187014264 -7.848034167107976 1.493617278183972 5.732569802769811 0.813427287419119 -48.62718590715399 -52.09598557961578 37.60694909154258 41.42347325134226 26.720300349780633 4.753851080614695
0 22 -13.013803321303316 55.153954238289266 4.366512034899002 -19.317075927254898 -53.74551789600713 -14.249215341563348 1.3796260880341489 9.883505857888998 0.5792118031873914 -91.22212520562844 -97.81605534293888 69.57420969426433 76.35793051148823 49.72384238119051 7.972990278868653
0 23 -6.009701152934555 26.57929139493845 2.4155715530117496 -9.136940903165728 -25.3219740977676 -6.860058218622765 1.1822513047301975 5.33103320640252 0.9809365730298881 -42.66508229823912 -45.50117155329069 33.32587507108534 36.745698051445885 23.836984887661995 4.330893379082084
0 24 -168.148932361098 733.1782611971737 61.984787153095226 -259.8403067927912 -717.8566091859689 -190.88075015415325 21.800064637969882 136.6445896196192 12.993885696540278 -1213.8675950509094 -1300.4185148333381 925.0937603928127 1021.3314255005926 663.7083451539758 111.08380335830972
0 25 -76.50152466007683 325.37937684512724 25.513693722483474 -114.27104287306419 -314.2902954453626 -81.54549363634099 7.032249119653755 59.69999875616193 4.030943585654956 -530.4337549170241 -568.8807060086068 410.7702301275299 452.70767121880016 294.31856597719417 48.58507719227894
0 26 -3.2076598141894923 13.3294984665375 1.3528717636594225 -4.832787908823156 -12.987421168232398 -3.640111035552718 1.0094486882784073 2.626544865467318 0.7038870138221232 -21.781587943441036 -23.096943399213377 16.793469805128986 18.458596894413198 11.909003492113953 2.402342006437741
0 27 -6.3208631953097285 26.767821891685507 2.206266308081106 -9.364999789898347 -25.36785549055404 -6.905257508075134 1.3008369121922632 5.114518106165233 0.9043900663034617 -43.01583137789494 -45.98850324604422 33.65756573888633 36.97253072495653 24.020634943093246 4.445354969042065
0 28 -2.4265946185704315 10.495337951948168 0.9892445459569149 -3.774237098068489 -10.075193810322602 -2.718996989417576 0.5794366830626666 2.2509130496989864 0.5839119226172396 -16.963868601345286 -18.069059113888596 13.229884314931999 14.523135119261173 9.459203705837766 1.8997090602747304
0 29 -89.41806787073557 380.03439760568136 30.46705454971449 -133.46466857962906 -366.5343407389564 -95.97748731572457 9.858899706011686 70.54109717935194 5.945459671769493 -618.5201603044912 -663.1606042477555 479.5868897376716 528.2864572899969 343.3152810574003 57.60904567886692
0 30 -77.78508729726221 333.485864975929 30.00718318892117 -121.62907946885353 -332.45455765674734 -88.9733007887449 12.00436364715641 65.21820694889497 8.767107492973418 -560.7257828635449 -599.3405885720659 420.62725767120986 463.22102007135175 299.95697544618343 52.63855473309448
0 31 -4.198620038353226 17.76231543063894 1.6780752458826007 -6.371642247179024 -16.990892155606026 -4.772770316113896 0.8787754826120772 3.437141954308845 0.4616668544559963 -28.895406241211177 -30.695029599736646 22.295618597771924 24.611080633655998 15.830534756418064 2.923055462850619
0 32 -6.114958082527729 23.677671119241104 1.9926839363985465 -8.787510085005293 -23.974126439640195 -6.454275758807009 0.8296885730491684 4.317462860003983 0.23915056182713154 -40.654983357283555 -43.54320932038226 29.984637022222657 32.59393570417864 21.147295680035796 3.477428889244985
0 33 -3.6385791149511033 15.848994249303928 1.4764215947459451 -5.529336210440026 -15.132144346821438 -4.204979540942782 1.0384620693457096 3.1798480030390555 0.8290464684225545 -25.496729708151282 -27.113907533850938 19.786233692186585 21.798100784067323 14.231703777474856 2.6308057013442485
0 34 -90.89071624928205 386.8408540576324 34.775725701791316 -141.1337206616921 -384.89223640754705 -103.10737589788147 14.81356373940144 75.44193344979327 10.194684716809377 -648.9997350301317 -693.8175570339034 487.47601278297554 536.5506560389074 347.3300105558038 61.177140757740176
0 35 -79.61156476718796 343.1260628320734 28.876664450155197 -122.00671328035169 -335.09352946513286 -88.56539018192095 10.104556254580425 65.38449914402374 6.848228495807934 -565.567118414818 -605.7240580450539 432.8514587745041 477.38315808209376 309.9051183121034 53.001493216485365
0 36 -3.8069219722001866 15.892793245603166 1.3965835439007837 -5.653827339516532 -15.320227011297195 -4.196853984379359 0.9191532815964704 3.0751756510319113 0.6554336300887562 -25.781994763415454 -27.3468584529711 19.89492550155467 21.895456683821987 14.090860941524292 2.5523780572751913
0 37 -6.360389831638885 26.833762283301795 2.348641294698103 -9.39007858280233 -25.96934882215201 -7.02275029859988 1.0548254272646216 5.016608982815649 0.5627562913455345 -43.809942803899446 -46.82745108703052 33.695294231140565 36.96133496260247 23.99009627702415 4.117775400967488
0 38 -3.0671347624409524 13.207659039439548 1.2931819112530187 -4.6381434303908105 -12.601967516421144 -3.6123627583894495 0.7182416577714072 2.8531291736335715 0.643877610882599 -21.34664503121271 -22.704579752220546 16.659424825453353 18.31147121874203 11.935880358175734 2.331749051354355
0 39 -93.07279510695324 398.9325094879163 33.79546739763316 -141.64917293879284 -388.9980488270153 -103.33989480164738 13.071457892857111 76.1334269190926 8.68420819158812 -656.3300478475079 -702.652755288825 502.94648397990386 554.2571452299131 359.845791270751 62.00434149585627
0 40 606.4440055440914 -3681.5921450740652 -43.294857283995775 815.7950516385848 2433.883178513782 575.59788546995 4.180873293060627 -491.82645830629514 239.1053778194519 4229.151315366265 4623.380058676383 -4691.416160556594 -5304.5305439320955 -3532.552563920672 -413.0601987706237
0 41 -0.036458807628269765 0.31564072299740015 -0.0104503961438613 -0.042562890260357415 -0.18155312778061608 0.04844663091969535 -0.7251737855222862 -0.29972788395232086 -0.6722255249338461 -0.38586835261607516 -0.5779311248754865 0.432502926057894 0.45364763731996605 0.17998673079142777 -0.29649496200184255
0 42 28.11036824947158 -258.8535664936707 -38.37195555470155 62.522132354753936 161.01659741014802 56.63378928342335 -46.93764590332833 -90.11547756304019 -49.739270078521656 265.1323856700303 271.5540942749364 -321.5678830754368 -364.30740941814753 -231.27317302879135 -75.90886371878172
0 43 -0.2774608678980656 1.441595841950673 0.16289049789103718 -0.423245654761264 -1.4264724761759557 -0.3101123410531551 0.13769098348259753 0.21454332019803102 0.06969929790718811 -2.1744279419673114 -2.466065370379843 1.8366293560744469 2.01422545846666 1.2040149645077531 0.19899926053330905
0 44 710.2250600426431 -4598.467649339238 -158.83235107196967 1030.0585576432309 3011.8731736156883 771.0835156189967 -141.494966283843 -787.1099531346368 94.85586378209437 5186.445642955659 5618.258632445213 -5835.767841103361 -6604.228829795875 -4367.206866540347 -661.5130628645663
0 45 -0.3221486013521806 1.3722361799929554 0.150118274164896 -0.43903033605040037 -1.347572532965214 -0.3415574326464023 0.0014324183959710593 0.19878057206188962 0.058945194003171796 -2.306056620295384 -2.4849745283477764 1.9153926429964248 2.0933833612955124 1.2536691713563881 0.15183158339423428
0 46 -1.1131928404787017 5.310884086458191 0.5770669306071292 -1.8416954092086746 -5.088444405003552 -1.441584033453927 0.2737622507528915 1.0175790633459068 0.1798915579345802 -8.524050711699276 -9.059600703186188 6.662335774584235 7.328710344283161 4.750749584130147 0.7596831413965481
0 47 -2.0473091647489743 9.610259093496206 0.6495980501849828 -3.2282118827379715 -9.097490675396742 -2.31933623414468 0.26724543414854873 1.751148033799099 0.0652803925982904 -15.31970708441474 -16.50009684369367 12.033835411022578 13.297837919730531 8.726884731527194 1.4233659861116343
0 48 -0.7972747488712976 3.3692565666123455 0.27193913354121035 -1.081981304360368 -3.080571233151474 -0.8745125684944366 0.15448721625081066 0.5952889722251566 0.14797067185051183 -5.340972192649741 -5.746644474577547 4.0641748192478975 4.654992315722377 2.956424543828989 0.48861008325788796
0 49 -0.4895625672099887 1.9745744579687463 0.21795663613175345 -0.6087967145291862 -1.7535072285120432 -0.47312157950541867 0.12319876174253215 0.4148305680408975 0.09484205011883072 -3.1107095475008686 -3.2630853182161177 2.4991976594823524 2.6320976381586725 1.782870382297619 0.27450045622415253
0 50 -0.2579845626883752 0.6301476977906657 -0.02540379895881276 -0.14490970885509163 -0.574960795787177 -0.10619745324965595 0.12241530889401529 0.12390537069823021 -5.233016609766159E-4 -1.1534712164699596 -1.1856369210320863 0.9174999037622467 0.9320423449542158 0.6321390804447459 0.16424887291021903
0 51 -0.6726642424947556 2.6153357137420303 0.25716564047171714 -0.9054760002238089 -2.445229415160033 -0.7534406330752507 0.21227669089612372 0.5299976903839696 0.06337809897783901 -4.089287678548779 -4.391871542892105 3.1370729741163554 3.494576052860526 2.247551329981519 0.4708438126739583
0 52 -0.9881652058311566 4.424025917881671 0.3505930857962277 -1.5233460078025947 -4.1926646198988635 -1.1201809202063693 0.17087388876179435 0.7794792269002091 0.07044054285661203 -7.252190343521304 -7.769502423109674 5.662108706542959 6.244422555753733 4.128739360639996 0.7925744809392082
0 53 -0.38343349520094205 1.6235484633549988 0.10321655989842772 -0.6277453637514675 -1.4794588233848849 -0.37488244720022607 0.1741575094744872 0.3027105942848396 0.13068176334612566 -2.572798490928398 -2.6109972206001757 1.9694256788050983 2.1228623011705463 1.3167255013278372 0.21114739910081537
0 54 -0.2711904823220112 0.9487160394811287 -0.0017368898360672809 -0.4062643928553556 -0.9364430249376685 -0.20726045140475943 0.1358985712450411 0.21679940373898024 0.017395318377623103 -1.4473285788368686 -1.608876067048109 1.085074920958641 1.2096377112926289 0.7383616698614639 0.23231960331239096
0 55 -0.2799593497382036 0.7791032289365306 0.04521743000224954 -0.3880041609134539 -0.763496902193594 -0.27463739108694485 -0.038324194302558186 0.1075277907501565 0.0018375173978082018 -1.3883508011701748 -1.355036296207136 1.0441460088899706 1.0000987004683006 0.7122496613312065 0.22605254958068424
0 56 -0.7457528050692072 3.63527192253946 0.2797573887384544 -1.2570450554746002 -3.4297627636846455 -0.8912193345012637 0.058583079864013135 0.7728606770821148 0.23243945513063471 -5.647082228164301 -6.208258300295767 4.368077614491015 4.904164867166564 3.1530257365057768 0.5028930786572481
0 57 -1.0875796976063197 4.597908084611855 0.38005106854418313 -1.4826521760629279 -4.2782904738090375 -1.1111777160752934 0.08047456832256374 0.9225833306956358 0.04820979250215081 -7.319128997644052 -7.911235627355864 5.71871802009423 6.395015467453616 4.175924054022627 0.7977697307932474
0 58 -0.5425668287894575 2.2063105500512274 0.2538043282599966 -0.8426176573739503 -2.0759095025052487 -0.6159903295484053 0.11333471029357908 0.48357213037697055 0.1701098139241659 -3.4853118388145834 -3.682673112011608 2.7043921283624823 2.98410622463472 1.9391082313646855 0.30050178178550246
0 59 -0.20455689781803243 1.205372042062394 0.13347499200385135 -0.3317420817964328 -1.076594809661934 -0.3637777992608156 0.1323873010655197 0.31234672871034125 -0.04021018919471422 -1.8773972681984263 -2.025503178754737 1.3948364485716103 1.5380015782422631 0.9125342173679317 0.12139232799083462
0 60 -0.17891759659873788 0.7596284020889101 0.025686502069110124 -0.36665061756131867 -0.6633208685889973 -0.25079321026220686 -0.03699771121414841 0.14684010400966377 0.08073159747656822 -1.1337388036169158 -1.3420078986017472 0.9920492098792516 0.9528196502851602 0.643991138678923 0.041640982295893206
0 61 -0.7546689172200387 3.0225980923424576 0.27218468745998703 -1.0858534441501486 -2.9677131507588417 -0.8801359102240006 0.11401266502051893 0.6706266312050775 0.13091562818498043 -4.837628318132033 -5.312462617999313 3.740695699637813 4.141131248882962 2.7241264303185058 0.4838476653020341
0 62 -1.0182312178758999 4.658117334304485 0.4239531283682595 -1.5897384634989289 -4.539117874297774 -1.1489730245305916 0.18748293279044778 0.8915931242234859 0.11029613094544685 -7.5636261227959 -8.121975970375662 5.8628100863085955 6.589646718578842 4.169446900502207 0.8113762387269481
0 63 -0.3558209283379338 1.8032677066109835 0.12433043520146268 -0.7414576940678174 -1.7061013730811556 -0.4993262353840002 0.19435515837970166 0.4850813804501495 0.021416741287673954 -3.019381479252855 -3.2595352838347575 2.266259995137886 2.6645867932765843 1.7507858373471032 0.34988245531403156
0 64 -0.24080365810799328 1.041252661059138 0.12333976011889117 -0.28694442753367083 -0.9163587032936303 -0.2194830312920125 0.0380889007940089 0.24156007786990297 0.1156914757392686 -1.7594948405774182 -1.7882309717853784 1.3917272207798403 1.4129546616172872 0.9721128772033022 0.1147301146863178
0 65 -0.024194199758396803 -0.07858771075132916 0.036126356214649345 -0.07417511395448803 -0.09457921484857026 -0.07128600049453016 0.03495848336161823 -0.04317210572824686 0.03700360505111143 0.0012565044697467073 -0.030138669425117958 0.01577415578693086 0.023405398340709763 -0.03603169301856249 0.03657193529576013
0 66 0.002554403973221625 0.1586406691042175 0.05457419043309313 0.012634577562835762 -0.09979495998615992 0.03442512792390791 -0.10144832369255183 0.056521454199387214 -0.060043722085373535 -0.26776234834775575 -0.2658927760074888 0.22012628125570602 0.10935406615533307 0.08751850265639224 0.10286010591218096
0 67 -0.038818474030309746 0.04823118510854116 -0.07980543190192851 0.03547878083081631 -0.012477014114414622 0.03387132096999901 0.007591455455261634 0.08147338175111653 -0.030016002504061053 0.09399354039971619 0.06109480082338451 -0.08658475982386624 -0.03722765788635883 -0.02143045785777673 -0.02425164222656923
0 68 0.040211509396060836 0.11602609764665082 0.039434282126636064 -0.07150116018695582 0.03246219497964764 0.012037135674478065 -0.04110578700303364 -0.09134203579617595 -0.007448703927901031 -0.0999814754660109 -0.09403027820195844 0.057004784936108464 -0.05899278479546672 0.05150846337558747 -0.060015207665344475
0 69 0.028296031903186677 0.08922004867370222 0.031134914684495828 0.0762859795397666 -0.07841624173491302 0.044776932157274116 -0.008447108621482085 0.09061008469288101 -0.013355506197677502 0.0870631589057774 0.03015630723950119 0.09159147654659298 -0.03734615980634467 -0.09432223051861144 -0.03209888721477704
0 70 -547.5339601010428 2403.5402561947967 183.44880968571795 -840.1863256404663 -2345.030664440555 -610.3782759545735 47.897534389901075 421.6028898462478 4.7913086840570385 -3983.2105479585853 -4276.116143504626 3041.304204732197 3359.5936459451304 2189.1250394907192 340.0923259964539
0 71 -58.3249492426046 248.57471199432837 21.795799840205024 -88.06468319513169 -240.09256898974735 -64.97583416614376 11.100087683273225 46.733832794530656 5.77007613845125 -404.291528151565 -432.38405055875677 312.5506286141892 344.8354144694898 223.22015608144378 38.96747618922069
0 72 -93.94114223964063 396.3484934488035 32.16135400258224 -139.42464588871994 -386.8808520950817 -101.83332286810196 11.393152749262446 70.0764934611653 4.23206753371549 -655.7511564302143 -703.6106784019058 499.7830077510269 549.2304995490204 358.0050560764633 57.426302957586906
0 73 -50.765391310631486 221.76309673310814 19.795231595816027 -76.62214054792074 -210.97007306284056 -57.59612267408985 9.422726711828554 42.96151694918838 7.362577169608961 -356.45732593835334 -381.740576619818 278.67976666136525 307.20013729594416 200.21100831271815 35.68835961664946
0 74 -642.9427043627026 2810.8448045796567 217.64340537125315 -982.9684620241719 -2738.343519515828 -715.640072185838 64.0405504377185 495.7006824231798 11.621547519280433 -4649.345017920894 -4990.136826267487 3554.091348806055 3924.2900877338284 2556.6690526520547 401.52690044511326
0 75 -272.0899612574158 1184.619593929272 89.39361013318683 -408.2659894736983 -1137.9341922716635 -293.86027681430545 26.130962545650963 209.880697953047 4.861299911118646 -1930.1050626925485 -2072.510321884452 1498.3243312624004 1655.9374515318593 1079.9766995596979 168.86831354501572
0 76 -26.853614976218804 111.44268975867632 10.639731861143767 -39.860151202222575 -107.2965355109701 -30.01698553604574 7.207914268040267 22.68888442518145 4.810680202520909 -180.2144876872102 -192.41973319466155 139.64415043888528 153.41388317235308 99.07528969307104 19.35284298527943
0 77 -42.17660136699872 180.2998982563767 15.723701550261996 -62.35273464634174 -171.23354552879488 -46.85756472567385 9.775015961440703 35.0991444481447 6.0841525277849735 -289.6975625971844 -309.8449330537808 226.25408439831327 249.2303154410225 161.9686532350108 29.8056979785578
0 78 -20.59303846214963 88.75820126666994 7.986490267756955 -30.858026557085438 -84.26778309167992 -23.399697817559463 6.000492780193532 18.34779603363375 3.8454421053360086 -142.19931448794546 -151.9759400230483 111.1990161561823 122.42125849365067 79.46549383064915 15.340013112269382
0 79 -315.5999033402633 1372.611918394377 106.00730843407882 -473.54351826415103 -1316.6962347247666 -343.5805026333072 39.066006238498666 248.2466384424979 11.574998085702987 -2232.199226811435 -2395.5875343613257 1734.515572442383 1916.587853307086 1249.3627569857208 200.91755213365326
0 80 -358.88894000733194 1570.6782036185327 118.90519586601148 -555.9000635031147 -1548.4972457901079 -400.58430003069327 31.48855124271646 281.82565069082426 0.6483821549969432 -2627.8600667910528 -2819.3789331516705 1989.0516483914837 2197.554503639047 1430.78262893572 224.1043197029871
0 81 -37.90562253980721 160.66048244498634 14.08554370420461 -56.962632973366226 -154.77773539042883 -42.23094346285993 8.120523811966766 30.570498864196363 4.114544128402082 -261.3820753229259 -279.1939561293687 202.0478099846015 222.7615380285141 144.14514935841981 25.665436982655876
0 82 -50.499072836235904 200.2179576963922 16.993303575618167 -73.76084314764712 -200.9635170501765 -52.7599397458844 6.8181507604211715 35.60550900813447 2.4851558396462803 -339.81359304438416 -364.0180606766343 252.1338161939693 275.73851446527243 179.01526523286756 29.513587367617745
0 83 -34.15660994825238 146.64440836895398 13.426769651605078 -51.19058945653164 -139.72014693434926 -38.29325047944176 7.668865071080009 29.083936486314943 5.679616310989992 -235.4649784859336 -251.79494742704503 183.85978442085516 202.21788265838612 131.61362367244593 24.301404764510746
0 84 -418.45774449968195 1819.0523854601233 140.11215779051992 -644.700636653762 -1791.0411100797887 -465.42073075211647 43.38374464457902 328.22530950404456 5.2357740599028695 -3038.071374837171 -3258.3762177793838 2301.628935513611 2541.2265646906885 1653.795253373288 262.4730720391069
0 85 -321.26683786667434 1402.8994698831048 109.46836933315294 -489.54082190811914 -1362.8766652250551 -354.0817425413999 31.418784734397757 252.0491172560132 8.203157899837954 -2311.2103140278905 -2479.8972313810777 1774.0685523203588 1959.5842227683845 1276.794589891795 202.37442990288037
0 86 -32.512648158259616 136.89873540585077 12.598197132830656 -48.85153884440643 -131.87953759873318 -36.516654829865516 7.729186554522859 27.05195349214378 4.649838985662712 -222.04748620937818 -237.15597234249898 171.90391641463387 189.15868724947242 122.2429659270836 22.82308370093251
0 87 -47.51186573567223 198.44697434027424 17.154269206394805 -70.32066262820929 -192.48258352094376 -51.72212890463172 8.747956922696035 37.283669259976314 4.938995125103693 -325.6249900888518 -348.4801897875855 249.60083400401638 274.1841592400734 178.22317897468477 31.291522646514295
0 88 -27.168900822849857 116.78777643086894 10.660922004563991 -40.80155899091968 -111.23047459370262 -30.726924224113063 6.836954202373183 23.786945297978768 4.834526534835304 -187.32662502755687 -200.15628069855782 146.37088227031953 161.14408418510146 104.72776443593571 19.673639398560898
0 89 -373.6411051471767 1625.8099810321294 128.92353719277554 -568.0551652835336 -1577.4919575535941 -412.65169324900205 44.19552665735081 295.8519395846704 14.80057612714648 -2673.74762764411 -2867.712971119266 2054.2886417769355 2268.2989987467254 1477.4461546612688 238.7476384461222
0 90 6775.602686151999 -55452.00709116078 -5594.6635097965445 9742.647577680795 27084.640267657327 9320.576373957947 -8196.60526250404 -12199.899717879265 -6420.647045778358 46902.848378507486 49499.553634703996 -68847.09433289028 -78167.17483596019 -51643.226164049585 -11778.837976998248
0 91 -29.403249638915447 111.2093084414132 6.093621207015022 -37.49031143589496 -105.11409898662774 -22.128803257310583 -25.03802523617431 2.1141305046923353 -30.05697764824346 -184.2483815441091 -200.79501314816267 144.3234699668312 154.68983484424282 98.79464709407085 2.0149414907139347
0 92 1106.0806233301169 -14035.356027774367 -1780.097675021228 3217.4493968467877 8732.507333919264 2841.7329077967956 -1628.7690361797368 -4777.0970594537885 -1922.9653115581145 14487.566608247356 14860.517425006481 -17601.204675007186 -20237.74883629007 -12910.348682561684 -3785.4874046264817
0 93 -27.73923273965531 116.29901367669427 11.096973055508121 -41.30015629380403 -111.36503098083352 -29.950164998320286 2.8864763214545386 21.764754364265464 3.667998237096553 -188.08346270862046 -201.1101831210842 145.75793010045797 159.99977969258106 103.9404770994619 17.949584112803027
0 94 6869.088538849253 -67412.9220435091 -6824.825805639223 11961.239136781847 33690.39820724789 11361.308409561265 -8894.346134327901 -16563.330177352378 -7323.087065805869 57795.80000891349 60593.5244228509 -84038.0992029869 -96134.9118940001 -63184.985003711765 -14891.044437089064
0 95 -2.0620999081126077 8.69286797245602 0.6990976426843789 -2.9424328193828977 -8.379862990504883 -2.194646989170951 0.12525948757984234 1.694577284786297 0.03350758400132488 -14.106024383780673 -15.103999978685637 10.846630329270601 12.089773966674496 7.797200284025786 1.2638724909343664
0 96 -1.473512758556268 6.5573319642342645 0.6318241035407204 -2.334441476882894 -6.231268756366562 -1.7369119471412717 0.3019296476939747 1.24606012806168 0.34683365989785475 -10.673796695482496 -11.29485988825834 8.260114783748808 9.005575488044025 5.843223001849493 0.9923049472440502
0 97 -4.7271418442059625 20.25785938975593 1.676771328809915 -7.023420322723384 -19.331399002210944 -5.076701905255666 0.7231410315356208 3.7195104968279376 0.3352366143863891 -32.60824255863779 -35.04288816193296 25.515152141965515 28.19400905291698 18.308880666024592 3.101280468414149
0 98 -2.3352402530977576 10.031224925437838 0.9409563296406684 -3.440121251389453 -9.59883352689262 -2.6622829462058193 0.6116088497180516 2.032643665035778 0.3724143759760034 -16.147930022120892 -17.23664495579362 12.518555161823539 13.822616489002456 9.005478092953203 1.6445614843834822
0 99 -2.195674507505548 9.252458675894518 0.846770925444666 -3.273878734476222 -9.004670354182569 -2.330663928098835 0.3114464625062437 1.8099022880425508 0.2327343383898834 -14.954998038736072 -15.988145588917373 11.593071179694688 12.697811710460233 8.24388098667553 1.4221555023565582
0 100 -1.5503001378625172 6.592292707760867 0.5806363447024772 -2.355802291230817 -6.427602944713854 -1.6369522238866097 -0.015721498852460748 1.2697134599613562 0.04977571064956928 -10.678712274490502 -11.536910670349593 8.300502877627943 9.101343879799812 5.876890383378805 0.9271223537169228
0 101 -1.8067609812590388 7.668892552324631 0.6566828366225533 -2.6975080042174877 -7.32041568875249 -2.0897702253552133 0.31462826996510196 1.4582771717385712 0.2625802217860953 -12.435661223610067 -13.371984116475067 9.763519662592026 10.703522569863415 7.002104323798001 1.2357348769017948
0 102 -4.06152305685165 18.04488098370682 1.4056763526078633 -6.172486178449927 -17.36483144197649 -4.5268292136203145 0.55917315660382 3.435895043675277 0.3817023958549707 -29.203530506470976 -31.311959945244098 22.749624550672053 25.159724837433455 16.343670625130226 2.68894806071387
0 103 -2.9024124327035676 12.677303619779059 1.1737812666784684 -4.555273547932781 -12.28665237128713 -3.3216698205086588 0.7619296538041653 2.568826022341634 0.6937468589400949 -20.437043114506082 -21.877886459691677 15.911215696405533 17.575189750856694 11.311028860277487 2.121789800100665
0 104 -1.7249612525138787 7.682439528047385 0.7054209831051675 -2.8276536227551246 -7.374791461196413 -1.9098151462347568 0.23321761469327432 1.5486591118731683 0.24249452439427022 -12.346484625961839 -13.315202552875858 9.518481362474654 10.512601974997391 6.8599663956065795 1.1359480858813549
0 105 -72.72439223737133 325.45612806420553 24.34668818487562 -110.95988838556197 -310.72600655623177 -80.32579673755218 5.937891439582295 58.36246669527198 1.8393787812238054 -527.0484943130991 -565.9102868581767 411.90599406190415 455.17702258947776 297.5522506981237 47.14017042629603
0 106 -31.865339687333417 139.44015582569557 12.056171334098575 -47.88160886283596 -132.9220771466603 -35.80425359604384 4.46120986058424 25.31953504558303 3.7248000860417845 -225.29865141192545 -241.5212471533946 175.285984057877 193.89327961794137 126.25450518648563 21.220425301321885
0 107 -90.41745118123815 405.57247371922085 30.698626104383962 -137.11132268264362 -385.8891016193867 -100.81758545247295 8.769674900659934 72.1919422453468 3.1159874098654754 -654.0710396850945 -702.7249008241228 512.0224501990773 565.9762360082783 370.2496320096346 58.75506683163745
0 108 -50.33533439124742 219.33235356848877 19.54457608239063 -75.73477121818917 -208.62982859875223 -56.78866857795303 9.17590306475834 41.96259915710051 7.003816824310898 -352.48075958303 -377.4960344183912 275.53876007941557 303.6430050214542 197.63803970203236 35.16511509359844
0 109 -80.4310709692547 356.25879210111157 27.499987380485692 -122.16211895987944 -340.22972658601185 -88.63323675116106 8.929805193662894 64.28282363725143 3.1274241170060066 -576.438208983851 -618.33004216141 450.3118663761165 497.0379611633623 324.3853484769147 52.34007865098516
0 110 -40.41207825823304 178.77238735119184 13.340997419643331 -60.991524070088836 -170.98974413328565 -44.710383032402255 3.2465406809842343 32.29859862182766 1.5279196949137221 -289.6493853561867 -310.8538796738335 226.1421967987696 249.7110278251949 163.07689384276492 26.109813377880023
0 111 -14.78023257591308 64.83941218371345 5.227361105155114 -22.223137126333878 -62.38689209540072 -16.69001699924331 1.4493767466652894 11.50216095066926 1.1089165909518273 -106.01855605054581 -113.60629521228394 81.93536649143259 90.65915432496236 58.99076165821155 9.311955918226982
0 112 -47.93993577431163 215.7186049359135 15.446766260186362 -72.16826062266277 -205.1911981236909 -53.440857672164036 2.9051512449601926 37.341681360720095 0.2986455477848647 -348.7238827083468 -374.84834753808053 273.15921936762425 302.21874420341044 197.83297205129412 29.98642247494986
0 113 -21.56171243305505 95.25864480589912 7.842354392943429 -32.4544187413896 -91.0014577869335 -24.62618491925289 1.6416815083113674 17.20049286866206 1.7617444497074204 -154.40670772846894 -165.58255595705236 120.21455027687533 132.89929746400176 86.65078943458961 14.198140281560931
0 114 -44.69857738778306 196.7038170387953 15.240365563619255 -67.36875870479207 -188.1765000454 -49.602116488694385 4.7442369957923844 35.954073191551394 2.5675667581486277 -318.64007860698905 -341.6588123133377 248.6775221787503 274.18279337709424 179.003483227209 29.229495695823996
0 115 -25.39939085527756 113.32560513889798 8.589294027496512 -38.65213847888249 -108.57660929009054 -28.4140869508151 1.903034103812374 20.387552600317555 0.7483904157241033 -184.40407186459188 -197.8660043462782 143.5663488462219 158.68555136653822 103.67814912251144 16.25268427541992
0 116 -4.778170950679685 20.331395356196595 1.3493842425806006 -7.069255263113645 -19.92519006970302 -5.271805875820912 -0.010795980249952963 3.2207561116463315 -0.21410994394948965 -33.90155655422908 -36.33873635452518 25.997077478559568 28.779343149283786 18.491785349419317 2.4791176156963526
0 117 -14.41680574435943 64.06369019187669 4.348564795929812 -21.446114003982977 -61.40244167744221 -15.82791963023381 0.06175628046929231 10.574693384255598 -0.47835541535451553 -104.71999319016373 -112.65498570512493 81.53233099886316 90.24036523812444 58.98977167432164 8.43886154086333
0 118 -9.069485302061727 38.62880571150301 3.1926927846067303 -13.229663964780775 -37.5021905710287 -10.140764827947532 0.04658272555953287 6.68033926224224 0.5352618027792344 -63.6405585196435 -68.20466207880915 48.96287257019665 54.1520138914235 35.26485676444172 5.554500335873736
0 119 -27.989731092539934 123.95332003775928 9.43469300068074 -42.45712438984745 -118.86163300262038 -31.087642642263017 2.1443611675671566 22.277711089805408 1.0234866775372167 -201.47865221781328 -216.1884194859211 156.97739809985944 173.19250342904365 113.13339142052506 17.865280034827315
0 120 -38.474102277442775 170.61591240482312 12.437239622382274 -58.012756313714114 -163.25316451362255 -42.532458458001436 2.8003913746974383 30.825891596665443 1.2345597008173474 -276.71116379919187 -296.8758021553311 216.2405495811881 238.6043297567938 156.04931410192202 24.866177461273665
0 121 -17.82969135535207 78.60211218335036 6.202473858228399 -26.798515775852383 -75.54087561512661 -19.93098915436909 1.6042389096987377 13.926884044301937 1.105905057318843 -127.93224370264444 -137.36554341622949 99.19977585507426 109.80244697390711 71.5864303034424 11.265528477345708
0 122 -62.821522795524125 284.1221524950404 20.459941905486605 -94.85785726325253 -270.17799867083085 -70.12075056652067 3.29334164247912 49.133124074176614 0.22041355378703717 -459.19815689331955 -493.9149669020335 359.9533986041523 398.2018999242653 260.9970752703023 39.353330631374135
0 123 -28.111997250744615 124.69199755517491 10.199250009174301 -42.31221682036987 -119.08756897551099 -32.03954519576385 2.235734981221219 22.39181202661571 2.227842085655687 -201.81077063868753 -216.58345010822143 157.3661841722324 173.94558521961545 113.5829978087825 18.599198272257976
0 124 -42.42450550084154 187.68907251844277 14.393990668311035 -64.20508129893507 -179.45414359518222 -47.22173911743711 4.1890099105105545 34.09471452455891 2.29682249976448 -304.07770455191434 -326.0770875352307 237.46168787445663 261.8647014205771 171.00719630652344 27.711028182192297
0 125 0.14447641862932997 -0.47125608310851264 0.39010248069375636 0.13046352014785184 0.5130373499703831 -0.20295866665297846 0.4458525611653859 0.4700646314199431 0.8332987050673472 1.021778508432006 1.3582181407567566 -0.7434271475934405 -0.7469328661241261 -0.6294367625440774 0.2285868110499572
0 126 -9.605476636206191 57.635849781017384 9.788707004207671 -18.813706881869734 -50.98510752357459 -18.095547758429834 12.960184567483997 21.72753178005879 12.214907903326122 -85.88332383489755 -90.97525373455832 69.67749974479995 78.96534484681919 51.94698316476882 15.050532729394973
0 127 -300070.4077079009 3384137.9908446805 1032983.9943021641 -614788.3949560797 -1876833.219222244 -884835.7236079316 762077.1154711604 731787.1778515403 1499476.2523153014 -3132378.324204056 -3389698.290682259 4048257.3298131297 4365719.367588668 2944125.925759905 1525984.6921090935
0 128 -50.410678283210544 214.45014201727022 17.747510966392465 -74.65793118650745 -204.81269220220292 -55.37606854982816 12.663064557865534 39.86798744449289 3.3480291253840426 -345.8131190164655 -370.4416698618704 269.9406373286082 296.810783608523 192.83524504634798 33.40889848145061
0 129 -54070.31696343742 201255.1350685688 11260.64792896368 -71845.15560865444 -195034.89328202978 -53157.474638230866 16272.42499428174 27854.109612452707 -665.4340325451707 -327792.4262299923 -353365.08680179657 251642.5942102478 274035.3748029585 175909.58627845868 29872.766506139673
0 130 -66070.41170453514 244078.9101784652 23575.436684218177 -91936.20425918997 -238037.39332039116 -66397.63567034478 14529.816416592847 46477.3545415846 8022.1693651086425 -397713.3800328894 -421232.07436079974 303673.9608955884 328935.1064950044 210020.3523011953 40838.19841690275
0 131 43.86388481780306 -194.32454528937447 -9.936293674312253 60.75544301174694 176.56161454862533 48.11080192877081 -9.604260136277555 -32.00302215737477 -2.1717945535904732 302.3652629737964 327.9379047244795 -243.10556899304854 -271.0751639872552 -179.2332958478507 -28.047431032505493
0 132 162.03668739845594 -615.5627586839995 -56.64394737295089 221.02670213668918 582.3709771183248 158.49175560374866 -29.829479317983132 -111.11439427700978 -24.16407479962076 979.224304747638 1042.3555209853218 -765.517997640113 -831.4885622302312 -534.4290280478796 -102.59891051866067
0 133 -25512.37043657614 121261.59959495859 1716.2654744324827 -37012.504111383954 -119615.3999917175 -27455.878317263436 -1431.9074652438296 11816.174650446259 -8939.357247867922 -206753.5630197587 -226287.66316827075 158135.3249122881 179298.7828574807 118285.42337652155 12974.646678716517
0 134 6459.566753898978 -52070.00198257425 -2924.4565935603473 8288.696912112626 30961.8419389547 9054.666119117268 2607.36588678019 -8304.635133119227 -808.3810864686468 51449.32507951324 55883.988550975184 -65869.27721007395 -77119.94109640828 -54364.07980018531 -6021.11051832345
0 135 -414286.8086755903 2722849.3004851905 526876.0465199978 -735442.9373914698 -1968538.3437085229 -978947.7935683174 932408.3970678139 415105.2099536045 322463.0146755632 -3635991.8700982956 -3885727.965616208 3288669.5012230943 3520523.49311751 2246913.16817538 552836.1823400068
0 136 -0.037662649280518275 -0.0685440153318943 -0.06056463470525301 0.05386056728452851 0.07149085284704387 -0.03208859994492532 0.0737608900060236 -0.07141577145503898 -0.07978752500081801 0.09449222230750448 0.01425329708189388 0.06991405528018725 0.10014392528512345 0.0071498783119230335 0.10610944187019107 0.3868206495277111
1 0 -0.024233424090089963
1 1 0.044458466596212054
1 2 0.09535017274573548
1 3 0.055899745664301385
1 4 -0.11561919658858921
1 5 -0.08085278996684957
1 6 -0.029891863206066058
1 7 -0.13684812324382273
1 8 0.010004880665655387
1 9 -0.061531321430984234
1 10 -0.1397295441547649
1 11 0.04522345988407934
1 12 0.14019955798549708
1 13 0.2677083303994965
1 14 -0.014418197490652965
