## RankNet
## Epochs = 100
## No. of features = 136
## No. of hidden layers = 1
## Layer 1: 10 neurons
1 2 3 4 5 6 7 8 9 10 11 12 13 14 15 16 17 18 19 20 21 22 23 24 25 26 27 28 29 30 31 32 33 34 35 36 37 38 39 40 41 42 43 44 45 46 47 48 49 50 51 52 53 54 55 56 57 58 59 60 61 62 63 64 65 66 67 68 69 70 71 72 73 74 75 76 77 78 79 80 81 82 83 84 85 86 87 88 89 90 91 92 93 94 95 96 97 98 99 100 101 102 103 104 105 106 107 108 109 110 111 112 113 114 115 116 117 118 119 120 121 122 123 124 125 126 127 128 129 130 131 132 133 134 135 136
1
10
0 0 0.07495422943196182 -0.031115050657682275 -0.1842517616209332 0.14297165914183543 0.02743437344144289 -0.08761488734075046 0.2345308784929145 0.46025576738330654 -0.020403066603472117 0.09848391275013176
0 1 0.1303931804872402 -0.13774771805779623 -0.35041291122916435 0.05016857783621937 -0.02212939308134167 -0.08285236360311837 0.2340129610164079 0.42103751801677963 -0.028937132800593696 0.14519714053278193
0 2 0.33058072621227497 -0.07882306308836529 -0.833571844067556 0.147012771540608 -0.028442068382775108 -0.44299479268266906 0.856048736214979 1.2719435931805907 0.14144642616843725 0.07252364455065613
0 3 0.31812243365393617 -0.05497757764511133 -0.3965299498755062 0.1646713815605079 0.059566298512915464 -0.22101018087700008 0.430777925533223 0.7686886465031562 0.07484129922015206 0.02681591688437584
0 4 0.07881615585051131 -0.05782849430633036 -0.2994840814095966 0.14432978903820765 0.04240536489252593 -0.16374877230082918 0.4034573549574251 0.35866663731688675 0.11236307262792643 0.1574419653892326
0 5 0.10046885056731622 -0.06676954140872278 -0.14390725461598583 0.05887329522584599 0.018122871577481464 -0.022302732233089862 0.21382980942930868 0.2162261074775701 -0.012953251847981042 0.09397036816219913
0 6 0.11666749411938034 0.02213459774493674 -0.12461937144829517 0.0071179932800128414 0.07962739300041366 -0.030995640721672844 0.22796963773165507 0.23921243172326262 0.02084859740736249 0.03391092582807951
0 7 0.23215172878835044 0.018384721831595504 -0.3145620027739661 0.1244738749135667 0.011713897197060223 -0.22423931458200652 0.36162935474103286 0.5332222456264706 0.15444083731231034 0.056948017271937296
0 8 0.14126918431282393 -0.059944749461886986 -0.2893168231115963 0.018918173523812743 -5.200234441124781E-4 -0.17226684073740522 0.3292202899577016 0.27438202399207234 0.05082204842063891 0.12950761539792122
0 9 0.06084243129503953 0.08553524741061415 -0.1458307645748192 0.08396076589353726 -0.07229912528089161 -0.03656116058271249 0.16423029305857345 0.20998150192780501 -0.06565146764267016 0.057562149163119
0 10 -119.25276685379627 31.505372044108668 183.61839835437365 -84.01409206791456 -22.737063232101654 129.2426150615448 -231.86895289111777 -328.03147471492065 -84.35459352481821 -28.69237247306243
0 11 0.1920191873880574 -0.006429435381325498 -0.7539448198845534 0.036834685917027994 -0.09258234119311907 -0.4454924381651266 0.8054304650400061 0.7512743767136898 0.04452097534509462 0.2190839576420095
0 12 -1.1394821769544237 0.23837650930794044 2.3554879157175934 -0.5412893607629495 -0.028130468632308128 1.1939830788962276 -2.7243923242540116 -3.8747987144868117 -0.8538229647012715 -0.6894308824441935
0 13 0.1576355302150555 -0.13040981983017857 -0.12488355849309764 0.10640037517724402 0.04409752772552328 -0.04983427347932601 0.08842595326084876 0.1932775904611629 0.16022909102684302 0.06038186781604174
0 14 -120.03283061225983 31.417650969334844 185.34404759670608 -84.42086479578764 -22.85334438160858 129.95005564096914 -233.55634411874507 -330.916597088819 -85.03628322797273 -29.287901820082222
0 15 0.04892852256596211 0.03177537584060268 0.09624925247622984 -0.059576197976681323 -0.06915548554061245 0.0037775269220426135 0.1059835385397189 -0.04649398346283572 0.05202201689326571 0.07879899372437525
0 16 0.030246163523009736 -0.010393471311372622 0.031329490961373094 0.11175006598913313 0.007516293164719092 0.00787454814168126 0.17601306129086727 -0.006857712601297572 0.13313928896355454 0.01996326029912595
0 17 0.055708434190904016 -0.022664523627939918 0.19223420313277712 3.3194964361471315E-5 0.06770141452391229 -0.0020491379788149106 0.15600939964189975 -0.02195578199610097 0.07438709689996874 0.11823707439099168
0 18 0.13970154249230549 0.012337584959968916 0.16980552822332007 -0.07160124222031039 0.10878634717603158 0.052223944680560214 0.20018213622000722 0.04014815113531503 0.10443127909976269 0.06809986755328787
0 19 -0.0531145815757386 -0.007992312805529254 0.018767017791327972 0.058188842164902055 0.1033009312882359 0.014000568289738124 -0.008646245578685305 -0.012894420300492305 0.06619420493897936 0.07298923163011901
0 20 6.001059963809653 -1.2675592580817427 -11.458745655649505 3.8755327398348505 0.7613047256091627 -7.296426915029411 12.862947332832304 17.016921318718897 1.7495544578703042 2.043614416403409
0 21 0.24749317935754675 -0.15647593637205415 -0.4958255309208698 0.1172506641644268 0.007202403483098033 -0.24066852919757453 0.5027196931093701 0.7604310955791334 0.13051340037949855 0.002987564944248756
0 22 0.4265825696991242 -0.15332712975141385 -0.9677532097561837 0.349250316963332 0.09521366039132033 -0.6719464273958389 1.1808164525117466 1.6037354806285207 0.1907355016933519 0.2144421167390033
0 23 0.26243217258879886 -0.09506340175347226 -0.4730550292738574 0.07779997246993632 0.03381872124942238 -0.3268043358895363 0.5523727016098657 0.8002025202341134 0.15491117226074663 0.10754267433098594
0 24 7.144386064916027 -1.4710418800776273 -13.3755484168582 4.45092705987662 0.8358400718928278 -8.653606613155079 15.058906996943373 19.969838217877253 2.107555308854651 2.295863903423917
0 25 2.9464837878577494 -0.49201898414195466 -6.007115877203712 1.6828848631541082 0.2685801012185964 -3.87355191961467 6.644568440778599 8.988915209882347 0.7805634011267697 1.2730244151198942
0 26 0.04993785837178038 -0.12556584695456618 -0.14131442158294608 0.00946037994026456 -0.0035862893524529777 -0.1428817051746931 0.17836148726774984 0.41116677018473613 0.0849496345447939 -0.021640872005812432
0 27 0.32909772016600586 -0.11008202534265883 -0.4942913172095423 0.19502302031135366 0.11555688080139916 -0.26416299721979514 0.5706148118178955 0.6710782569673055 0.06930817066507794 0.1819883750979707
0 28 0.07253368809584539 0.032449451219085636 -0.26897858257710416 -0.02097300911619372 -0.043373000349145374 -0.020536018320073256 0.2893633215239004 0.2077099514188641 0.04125446316072269 0.1190015883406289
0 29 3.562660379623326 -0.6261043276150373 -7.006547230311271 1.9030128640859834 0.26262843814166403 -4.575229000008492 7.781908979547016 10.481962522550695 1.0183928358621817 1.34945098543338
0 30 3.2944125772019293 -0.6471370797825251 -6.208501871488319 2.149623037038287 0.31746211616953823 -4.044922056147444 6.797093334461437 8.87517146789595 0.7569685307628835 0.8851003905132406
0 31 0.1637175773918971 -0.14228650430391426 -0.37905588043748006 0.2048076982355251 -0.023394765448461863 -0.18639106084257312 0.40420498035674424 0.4116973674558581 0.05903096856160009 -0.03207752027714467
0 32 0.22723707483688765 -0.06445860089009779 -0.3143930248517004 0.08923647607055245 0.022538572881233145 -0.40234064663126706 0.5562223612871395 0.6109341633707532 0.09439235805404374 0.08226963214356231
0 33 0.19155341151823552 -0.12221791966526885 -0.28779299296304706 0.12445783311737361 0.05861470284768986 -0.12696905828921087 0.33564101873931257 0.49031036246953136 0.1630343289395892 0.045584129165900954
0 34 3.821207687438153 -0.8700072794891698 -7.174960806507868 2.3838368648089503 0.4598769155196678 -4.781995440131125 7.952986873914218 10.33895586938624 0.864208631832487 1.0861477049693125
0 35 3.2707090912170496 -0.6765687107007852 -6.330927067293679 2.088519657657189 0.305317440534898 -4.149376534519307 6.939763333250697 9.372847952482386 0.9396870526204668 1.0823889178168633
0 36 0.12437041515395242 0.020396868350910577 -0.2301439040985141 0.12141915550385513 0.06046932534987392 -0.2538911636244262 0.19731963638528233 0.4695613845369112 0.07946209499296457 -0.03334597186302924
0 37 0.3291053264449665 -0.09321177703413173 -0.4068692916217436 0.07568239865498672 -0.022785350723779497 -0.20860123194485272 0.6263836228683164 0.6596480720582033 0.03189779598467281 0.20211043653411517
0 38 0.09033785530479584 0.0023386846390385896 -0.1411515192232531 -0.005956830664502318 0.07059710297573035 -0.17566503182893586 0.31243159576381657 0.3997232298489228 0.08775976753535031 0.02473258567977571
0 39 3.786066095480696 -0.8212898731637827 -7.218131014581685 2.3060198586619367 0.357797157867047 -4.837788004318987 8.131557566595616 10.78243694164028 1.091216303069981 1.2689115542660474
0 40 -36.430920674810515 4.292134562659785 48.8408439671212 -8.78400093133032 -4.517325040629214 27.511184889329282 -88.93628145511263 -120.75816430748104 -48.8511485103989 -33.23355857392307
0 41 -0.067485346887282 0.08919861994849931 -0.05509386445240445 0.08651311292158731 0.06314445929936564 0.03213580356407882 0.12862362477595857 -0.023798945577422886 -0.004582798176892 -0.061287212415628
0 42 -4.947940440883869 3.116020562199813 4.953959973718849 -5.2257358480407845 -0.5644656076782123 -1.3273411661538417 -0.48302055586709103 -8.973618308912885 -7.161167483990335 0.7236521166056528
0 43 -0.014727580386203816 -0.02682973486965204 -0.08782019765574203 -0.053283045274266784 -0.04987149309903539 0.04622585168555849 0.10661967738452457 0.08177810325076404 -0.047965966498199245 0.034630235384770544
0 44 -53.60576055067235 14.210228600043672 65.9188296790051 -24.957714920099022 -6.65825772383667 24.159013261942107 -93.83661590423351 -153.03871769788697 -73.04272324901298 -32.36940787644108
0 45 -0.06935076355103423 0.05866953067198467 0.026930207161824402 -0.06615547031888265 -0.002508876064548887 -0.10427146270205909 0.11527435183871987 -0.051135065912338726 0.10488199656637533 0.05822717841924808
0 46 0.11739125615920129 -0.03230558545461446 -0.018600800790052656 0.03823690538128385 -0.06525085608120461 -0.017681431076946814 0.09119740091403473 0.15571636381320597 -1.8273180818053229E-4 0.027051551399163414
0 47 0.1487445542150154 0.01755729633191612 -0.13022916588327846 0.143374091661436 0.0236250643215511 -0.18605595407540254 0.23831107947827926 0.35321872589844505 -0.016864896899495004 0.137356819984108
0 48 0.09521177987394638 0.08933554673356131 0.008155344698431743 0.05620249861617301 -0.09223903685799587 -0.09547052668085512 0.14824643007938526 0.11463781190858906 -0.05673058151423065 -0.081592253355499
0 49 0.0037832355635144094 0.03780075724811813 -0.11668463930492015 0.0119810911590511 -0.07077542546768956 0.0038467895335050377 0.06489415093203736 0.10219839170075608 0.02062123282216801 -0.014459523464665447
0 50 -0.020719723239522845 -0.0501463617321141 -0.016531534817306893 -0.05865424838634261 0.09966564301440256 -0.0455621663165186 0.011823892162411687 0.06425357579746475 0.09085316127729307 0.10093222322114992
0 51 -0.05785421810766323 -0.04869158939508699 -0.12637992465863862 0.03569613352929288 -0.06934300080377041 -0.04073140626774101 -0.014376451792386457 0.005932342162644892 -0.032787184857392654 -0.05313317636618639
0 52 0.08909174891138406 0.05327408572065196 -0.06969212970619285 -0.04079274656614231 0.05066004544388684 0.0020557757899450583 0.18689418567569538 0.21248982049128384 -0.010777717826795541 -0.074520725594196
0 53 -0.009400005689826522 -0.06832678585913111 -0.10955223614690211 -0.0816011088489686 -0.08971575875076859 -0.07025693387659974 0.03321477635332227 0.047980869349548566 0.10589636816960664 0.060602329753825984
0 54 0.04363804355183249 -0.09124949886789031 0.010034427637319238 0.02996561015373424 -0.01920288229461343 -0.04564485617316503 0.07298387943144935 0.005506978577771256 -0.0624551958176873 -0.03373692840177979
0 55 -0.057236210012850106 -0.0014545574336635642 0.04975532655737129 -0.05340553003948002 -0.08506617929790863 0.05207617536289769 0.07491565898602115 0.015549232933613088 -0.058178822109003804 0.06311230123309215
0 56 0.07021260110640393 -0.10041472334861483 -0.058872829785863466 0.028041673386944608 -0.03356941472228036 -0.1109672414561319 0.08806288964923556 0.13948965331397611 0.0989911712912993 0.03518026285854987
0 57 0.10876329179559667 -0.01663221394748856 -0.1195456072746739 -0.05573459864009429 0.0030653185475015693 0.047836435220983846 0.02267288308922592 0.22140424463333966 0.008796757040091254 0.027055180644801415
0 58 0.03487667131507146 0.03189504394530176 -0.052392621247841414 0.10283401804493829 0.025829911107637188 -0.07517406759504576 -0.011682400883586252 0.08662764779342502 -0.007310401261151756 0.020743898471837652
0 59 -0.04815694262120435 0.08697068989005627 0.07003613821754831 -0.05008247502864224 0.007310688021773268 -0.028765541744544425 -0.02979178410034103 0.0546456294675925 5.805475623315763E-4 -0.06628013911563675
0 60 0.06386287323168362 0.09443332931326649 -0.10435499391522982 -0.08724250874208882 0.09521320965520536 0.08184732937500536 -0.07943423713546637 -0.049925918798497435 0.030169172506742094 0.10069042106464317
0 61 -0.037804185288034135 -0.07913910571915382 -0.02656760514213919 0.018851081940593862 -0.04259817823480971 -0.029903650660675414 0.02198935128690214 0.007799332939837798 0.014839311014286337 -0.036130412615293005
0 62 0.12288417068305994 -0.054727257123605905 -0.14794819307891885 -0.007559191672314802 -0.06492474990888727 0.01930581232968406 0.11983135334809342 0.2121017685480712 -0.02201393811525314 0.10191736758306645
0 63 0.012157248368238926 -0.040561807555190364 -0.0449591280050048 0.04004653797926752 2.2971551234581195E-4 -0.08782813219686346 -0.03194526037380112 0.00261764822608147 0.04647003349539436 0.018051657710643477
0 64 -0.03446202374290907 -0.02806884631890041 0.01016153934928497 -0.03616736381947557 0.04406596966665263 0.00809214337562554 -0.05503572440489634 -0.021079062036628866 0.05927690141168091 0.09075646224004841
0 65 0.063864744878611 0.0022372954245954467 5.864504698133729E-4 0.02782506402050605 -0.07304621321840031 -0.0017927807992838734 -0.028590731481121057 0.0181129189069958 -0.025951853001795987 -0.027714059007782132
0 66 0.003489625424449279 -0.04040809861327346 -0.08007025287341829 0.06116583906377079 -0.07093686141392107 -0.021661998236472378 -0.019971097012023396 0.06302894065474601 0.029296614863932306 0.05598366070926643
0 67 -0.027446764028492325 0.08733549563600518 0.041097690198568314 0.02498131350172093 -0.02677549842898627 -0.07712836971172299 -0.021506953929826565 -0.04274791444368853 -0.006652841849762968 0.009836247803446926
0 68 0.055561599015658665 -0.03615364550630079 0.0772112637988464 -0.06827789350249303 -0.01933434989792852 0.016737371692141168 0.09921367691908903 -0.09798286438708077 0.03200613719307098 0.00912511304099623
0 69 -0.036940206568347934 -0.032505652004229016 0.07294554620254005 -0.01852310643248703 -0.05903905616942845 -0.08622650279772176 0.04756191493509335 0.03285487946965738 -0.045104179030927075 -0.08131682030914227
0 70 21.724782288152788 -3.5681604553987567 -44.500071446553854 13.214844830647802 2.6706108862607696 -30.11475106414504 52.36893830058892 65.49487818673416 4.0072740911945965 8.928471188412486
0 71 2.131246457640348 -0.6750526271195479 -4.4849281010016036 1.4430237806962154 0.21263103697514624 -2.828116463321499 4.655968569167161 6.6619772685290135 0.4913517971559214 0.8575780552107627
0 72 3.553578202351383 -0.5999941448615508 -6.827326576440546 1.8104562506295103 0.5733325501184238 -4.835418528641226 8.831954149431423 11.140414041569551 1.1191541952128823 1.7976632809979902
0 73 2.3231738890339333 -0.45592544845903116 -4.0057718600625964 0.8551812004705334 0.09076310228888651 -2.510593742028934 4.737213811559867 6.281077014685936 0.8316591536700993 0.7277705001648576
0 74 25.299332100395436 -4.36355319046036 -51.78383273999296 15.259656473107947 3.0879852698117403 -35.119045794943894 61.16632793551352 76.68608470678284 4.893138400817231 10.64508406434325
0 75 10.651113945122347 -1.8773611692957568 -21.961117618064375 5.451658335717613 0.6133161642869037 -14.626478032025702 24.90472674025274 32.548194604637516 2.2311588860166904 4.202971752906127
0 76 0.8806289680487916 -0.4059244192949004 -2.0725187481401726 0.49162241156123987 0.06914392706553768 -1.1444815180529333 2.133180787030855 2.873172180055891 0.3862118530063174 0.315842849376902
0 77 1.7772231936862262 -0.4538346828331972 -3.1852842017016187 0.9807301603148323 0.17278297618057648 -1.8739290720013684 3.7031394214749973 5.2458716339664395 0.8792725648439111 0.7674816672418153
0 78 0.9456016228427597 -0.25120585969737125 -1.579897009343949 0.33221641218818393 0.0020448628615668332 -0.9306694882973824 1.900085211878382 2.5942864064721594 0.3892166837542246 0.2781168997114008
0 79 12.440105731193738 -2.398232159872836 -25.2565970903616 6.475207574626513 0.764300726381042 -16.650797160126185 28.79569570127443 37.6476212704544 3.0950029397158962 4.7619717210462955
0 80 14.445361540914956 -2.3498801259950386 -29.78924172352417 9.253705742224776 1.6113079752067063 -20.583036263816467 34.491797311906936 41.98138000091155 2.041559459632056 5.013984735364266
0 81 1.286233949546331 -0.4854853198013881 -2.8994790350775093 0.8228829113159192 0.1601991708079773 -1.729600690886823 2.936373534156918 4.257723332974747 0.3816362549357907 0.6210871745725445
0 82 1.7082755931811129 -0.1631892858372316 -3.408234425130395 0.9193504848453612 0.3248154927709869 -2.595527507718472 4.454431803355236 5.492557812963925 0.223721611895272 0.9668667248729793
0 83 1.4337923024212058 -0.2652775289862531 -2.6031849505192293 0.5923942852329688 -0.015557637089870765 -1.7306935918898034 3.14059795628625 4.156639559962657 0.5252055643763032 0.5761529406821216
0 84 16.569544534351135 -2.7410673118455717 -34.17122685629736 10.515078383251069 1.9287881716249047 -23.497238808856928 39.96147596422182 48.81235237819246 2.5911093081262746 6.0063780337274775
0 85 12.821091291755847 -2.0958497682682338 -26.151828515095165 7.3555694211427785 1.227812424986439 -17.807110788746495 30.121774638744537 37.95221472269976 2.2916033758212957 4.783517536710154
0 86 1.0522413758911624 -0.3964821694548276 -2.3391933738637647 0.6465813246097778 0.11486653040572578 -1.4090198464677102 2.623485619120935 3.524099100189749 0.4054309542295157 0.3539334676842649
0 87 2.0055420154042043 -0.3393439895977314 -3.5079345541244824 1.1080379798955633 0.35387375961831463 -2.313775393424506 4.164360828512417 5.612080362509908 0.7901559242663122 0.8322140772930928
0 88 1.1620573455739793 -0.2584324073517546 -1.9777906825264717 0.5303597767819158 -0.04794051175082812 -1.2638059614926025 2.3901518277200235 3.229304243330136 0.4401938647998377 0.3969392831043228
0 89 14.963309849600241 -2.573270836639874 -30.12828035259261 8.528738965328253 1.2409881196681651 -20.238446249264236 34.62632148010738 44.1015115834856 2.9675915497139167 5.648561403803355
0 90 -904.1249472144543 363.2370527337886 659.8120975397716 -91.42603275396864 98.9741002492704 9.127407554584522 -1096.1181423607434 -1937.1096023019795 -1288.8456199797556 -439.71580967793267
0 91 -2.4470304528974087 1.3162743204878313 -3.2593841865103834 -0.1041616619830388 0.06847087444159199 -1.8742436267304425 5.151023541345094 1.2136941759230406 -6.108346813933202 2.4624820500649585
0 92 -272.6939968037297 183.39603912819467 288.03813915555867 -387.87648685192215 -54.91046773650175 -87.79285594931464 29.050334891761732 -487.3718544781005 -384.83093748045366 81.25591864552597
0 93 1.0881927902986455 -0.11631830818770547 -1.9490969218501428 0.4132662117960097 0.0333467830882382 -1.4300111799307786 2.5134423844955447 3.2528475482993295 0.08800223803943172 0.4073395461346916
0 94 -1162.6152236196651 571.933995186606 928.1727704298163 -571.5714475879424 23.841157485879744 -125.9280615307917 -960.002673762938 -2379.1598283550184 -1699.2993852779637 -293.0233914239146
0 95 0.08588129600692396 -0.033798035630480894 -0.15416553822303145 0.0534454664960877 0.0836441720959267 -0.1053743352328844 0.10397493127601147 0.1427594303077241 -0.07040863122912167 -0.06813973914266568
0 96 0.00486973943921886 -0.009172486012869305 -0.07954360108469888 -0.035929695758067544 -0.07310509120303904 -0.13633968282516215 0.12947292166735289 0.10786398887219154 0.05926245534891979 0.06398984338163478
0 97 0.10761062401130202 -0.010338376492470477 -0.4302079452072036 0.03039058886920441 0.09339067669319989 -0.15602150906162687 0.41858673265623836 0.6213305549756539 0.024144443140028594 0.032680348527245995
0 98 0.16336222362657585 -0.11974002255466856 -0.2579619733257306 0.10738014001860395 -0.036115937926518876 -0.1613619535565635 0.2573909548565916 0.2039319219336571 0.07195911879461725 -0.05409943971144667
0 99 0.11322093883875592 0.019144654539026355 -0.06510258820908159 0.012790900330191018 -0.04403331725951538 -0.05316665018453433 0.18894144989078754 0.3229306870276531 0.0701048115142528 -0.055308774259231586
0 100 0.13948819245554125 9.83546242250375E-4 -0.09949803637092897 0.09973174320972465 0.03145244582877201 -0.14420879160271127 0.1252389709755606 0.1751569452151324 -0.029625531929397916 -0.03981322620586816
0 101 -0.014669536546012725 0.029913454149379137 -0.10110379852392253 0.07559970620344549 0.08685846415638161 -0.04081263578126042 0.13518316305556516 0.2110796891119201 0.00796451343263555 -0.04088660067091892
0 102 0.08915878475266462 -0.125249207473903 -0.37866923698032035 0.12299114646977657 0.00974892655798657 -0.26370403941475223 0.3768578261636174 0.5499921116440603 0.14820849844230607 0.06100594501482976
0 103 0.13541370505983272 -0.08693663212482114 -0.12594654262448876 -0.027901001240924768 0.07417914751584725 -0.08801896274157966 0.29562612859996457 0.2797062493891547 0.13205819569222826 0.024217616918669124
0 104 0.07923142473553933 0.06212216265269959 -0.1831614796146868 0.14157813704227615 -0.08465189909293709 -0.12588950062621249 0.18635166272989534 0.15709800411671304 -0.0018117921083376468 -0.015116393413186364
0 105 3.2149072896054003 -0.6919767876333689 -5.6572042727645755 2.106604520853326 0.3674171374447062 -3.727922285141249 7.008804390033252 9.371680334385161 1.2369756157467642 1.0639362225414113
0 106 1.2856220218941377 -0.2724775492590112 -2.2824133718998456 0.7429011441288547 0.05871441655706642 -1.4865062315312993 2.6922197412904634 3.8916093797185902 0.45959335809457397 0.5115016443271182
0 107 3.9118984257667364 -0.7712761638817338 -7.183357110179155 2.1662298222470553 0.5144255916345438 -4.618492415407228 8.732187555885936 11.698762911225355 1.6305542746604356 1.6100011545423871
0 108 2.1611692504408375 -0.47391304122511796 -3.795068552607569 1.0425797275768347 0.07254819702151802 -2.4279159587186565 4.655259789126532 6.196566521174272 1.0047321133233886 0.6535226225307416
0 109 3.369155902461755 -0.6127549927622717 -6.262744198406593 2.2206333112394887 0.4439673332954841 -4.087135036554685 7.6242267556493335 10.065544152927806 1.3248119978257196 1.2064071797510005
0 110 1.80738299746194 -0.43977099919271484 -3.3224722194432115 0.9991220106097438 0.1525145245093716 -2.089331506869238 3.8249700014615167 5.024754832724937 0.8574131582914968 0.5803826349583527
0 111 0.5888120948497779 -0.2499001985786127 -1.3444216053060951 0.3636939221832445 0.08679000907826484 -0.7787683427741144 1.1720863200002034 1.7523849620710508 0.166182020339685 0.1315009220012826
0 112 2.070052161720555 -0.46182926497550325 -3.9790659226782994 1.1380206588673223 0.3601659263539552 -2.589303943159463 4.693457614289391 6.212146804774037 0.8934852846733512 0.9392033293353257
0 113 0.9609811679938064 -0.18522895403024353 -1.896232123948133 0.3801350160466938 -0.03797534591386921 -1.0119603720892678 1.9087139248977747 2.689632001201848 0.346355861719457 0.42276242228619887
0 114 1.8570996823099835 -0.4529979289297659 -3.5900446115798776 1.0999493340042368 0.21604707957641817 -2.1780594337276895 4.01673835209067 5.519133801124366 1.019831795973616 0.6276040088429855
0 115 0.9933277442165791 -0.17412640699259363 -2.0567960457041403 0.6080538826125393 0.12667059583864074 -1.2754194915395547 2.400960771392196 3.2518651276594963 0.4633650460001444 0.39230666119532265
0 116 0.1814460728907745 -0.11517158664882943 -0.5149603873013354 0.12967655195974143 -0.09913468993892076 -0.25312286070873624 0.3779957051778825 0.5775671288711133 -0.0918256434625891 -0.03036404975725005
0 117 0.5750285686045421 -0.15511498868460066 -1.3334849521223788 0.39247770561903805 7.10662666062259E-4 -0.7113428469120654 1.3656467002347616 1.8178202749258319 0.1682909213982884 0.27472612464616175
0 118 0.2577241595542935 -0.21256343061246438 -0.8585686215986134 0.24998072378625177 0.005971622448467557 -0.4947959752030244 0.8402707482371315 1.1701297390911929 0.07402150971161008 0.11479261777415291
0 119 1.0620436392330543 -0.3232625955837332 -2.2973019837559674 0.7457158967358489 0.09360874943849164 -1.3356990665437827 2.582811852535408 3.465171245037756 0.5287863126029438 0.420836894819781
0 120 1.5862624005904045 -0.46392740105226743 -3.144660460963794 0.9816603463026337 0.19928651869509562 -1.9309750869895987 3.579147235621853 4.953043228408205 0.8311468985465604 0.5717214092787253
0 121 0.6251524085574736 -0.33032624694384155 -1.4326501374295189 0.45707603861404567 0.025698449205607155 -0.7955774772962318 1.354691171113929 2.081358571427536 0.17642320939963813 0.18417534787878986
0 122 2.668996783022597 -0.5030050168307743 -5.2076668133471 1.4164047222463516 0.4191876230932517 -3.2697414667429534 6.04346100522732 8.181005634681382 1.077701108727319 1.2189639290172458
0 123 1.0881067493020755 -0.2638694644115002 -2.370679397671677 0.4243612508214782 0.0729455305806252 -1.3306996844191274 2.568368741899133 3.5390922072487783 0.5144623147988571 0.4266130387893707
0 124 1.8049002141037993 -0.3475322104624303 -3.41694904113059 1.1384047594309645 0.2751028380346375 -2.070561259216852 4.030828951889221 5.268757919683824 0.8861638618555441 0.6836161988498283
0 125 0.04523255098480199 0.024479283106951917 -0.06838007977420996 -0.07043861075631182 -0.015456231818130686 0.09769088472077445 -0.10725964874819845 0.043263729781219014 -0.008177434689405403 0.0666492550127126
0 126 1.4747759955849615 -0.5672833339100593 -0.723091386443343 0.606860817002706 0.16844499857417428 -0.17566830504639447 0.966759734184954 2.0301973560957824 1.1814765458215664 -0.3228130083148335
0 127 91367.58687892393 -62595.18324700152 -72239.53927749406 108623.39354847909 96146.24775331236 14816.89855284471 -13943.907742218013 137302.01193358132 199133.3536804403 7326.306021102477
0 128 1.7804125433324935 -0.30856860118971075 -3.7650592918561627 0.743093890306939 -0.023737075702556083 -2.6531769817382647 4.632524320205266 5.51075445920213 0.4627833771651975 1.128610328121206
0 129 1033.6091089988802 -121.69356333130033 -3444.722321866915 -128.59641908644656 73.00390297301995 -2388.3917280883743 4198.450741649239 5341.928219408624 161.36230959089283 2003.3824116654241
0 130 1898.0967402435047 -357.5925894788471 -3787.7328449300253 96.31143041036131 -232.2480467819269 -2838.0935907219045 4747.599810705314 6055.300896036665 315.8183860104513 1324.3473703189509
0 131 -2.2784421156799417 0.20367519055619202 3.213363908908783 0.13958559074781154 0.1479529266573676 2.0401570262102773 -4.597518090344834 -5.77546137831331 -1.3331789095384718 -1.3193678782529001
0 132 -4.782136522479008 0.6580478440796965 9.309839226895123 -1.7500586162660734 -0.5607925780829123 6.559913782569151 -12.279572163593027 -17.37886519303052 -1.8141928572825052 -4.152761195331911
0 133 1756.8814222498702 -920.4666623373599 -2566.0874462579677 2486.6181307202714 1015.3403917663877 -309.3953006868775 2750.030023977801 4682.774362160054 881.1709050411932 228.67885242365233
0 134 -997.8247517942812 222.80328150955793 524.1967200108049 -600.4901436888096 -494.62447248284485 323.23900639179914 -1125.2072463394686 -2108.1231835502967 -1290.042806466284 -274.0866530600419
0 135 30422.10465062433 -11894.914118590055 -33203.695500311536 -42282.93905253686 -7715.292929280875 -24127.713901490504 105657.90164804492 74893.35421862626 28746.140999616222 9135.02051466756
0 136 0.02583985188097926 -0.09082288525561215 -0.048853173299584045 -0.07733237841025198 -0.03946505369675059 0.02243614085958464 0.04856553176100289 -0.024848171741032075 0.07972070494361265 0.013601245172652805 -0.047082882633568066
1 0 0.03850252736818979
1 1 0.05935337162263667
1 2 -0.0695942397092371
1 3 0.032680496866417094
1 4 0.08165552398766218
1 5 0.06411750629235904
1 6 0.1240471151680827
1 7 0.13434592308231083
1 8 -0.12336789964460419
1 9 0.05747877268926607
