## RankNet
## Epochs = 100
## No. of features = 136
## No. of hidden layers = 2
## Layer 1: 15 neurons
## Layer 2: 15 neurons
1 2 3 4 5 6 7 8 9 10 11 12 13 14 15 16 17 18 19 20 21 22 23 24 25 26 27 28 29 30 31 32 33 34 35 36 37 38 39 40 41 42 43 44 45 46 47 48 49 50 51 52 53 54 55 56 57 58 59 60 61 62 63 64 65 66 67 68 69 70 71 72 73 74 75 76 77 78 79 80 81 82 83 84 85 86 87 88 89 90 91 92 93 94 95 96 97 98 99 100 101 102 103 104 105 106 107 108 109 110 111 112 113 114 115 116 117 118 119 120 121 122 123 124 125 126 127 128 129 130 131 132 133 134 135 136
2
15
15
0 0 -0.9174581320927505 0.9867033333511979 0.9597760381809652 0.7400791694937721 0.9367755661578919 -1.594318593476697 -0.9058433606271049 1.031396561155215 0.9249308139991541 0.9018236195287981 1.112480159640564 0.8197408181607923 1.1330087828495121 -1.2306187102271866 1.0479271377505404
0 1 -1.1309380299899428 1.076304191526024 1.1962534043403312 1.0066980393660576 1.0237836771244397 -1.768521350443382 -0.9500902956561315 1.2594212944021403 0.9482878044627958 0.8550501330453385 1.3839167038544653 0.9563819584412081 1.198220968934831 -1.4470392341366092 1.2255388826527835
0 2 -2.899461257987657 2.7024053170933424 3.077307044352285 2.544596475708162 2.6422262867442248 -4.686865854436588 -2.4731834008744595 3.2576856152123836 2.8045712561657368 2.4470583702018622 3.7203733422881227 2.680367648855638 3.452823789559533 -3.6868294709822416 3.3286713000551313
0 3 -1.7604380629902907 1.5918093494512537 1.7402558297342556 1.4502072185882606 1.447593524501504 -2.646382494142991 -1.3731228879623936 1.8770416665380152 1.5385003406062858 1.3141773873317872 2.034319198673329 1.5556664093507286 1.9511571457919235 -2.0468661608369154 1.8775246373901988
0 4 -1.056164420372585 0.9476212598869523 1.0197424446886387 0.896652791534365 0.868363697030017 -1.703565172723765 -0.9380288860686256 1.115740207495361 0.9410337665026853 0.9779117637641074 1.3197229214577653 0.8332344064823843 1.2311319813570638 -1.377546889249089 1.1727706131583653
0 5 -0.3887231330046584 0.3856772717973028 0.37044805248696516 0.30832264248504665 0.4508047436503277 -0.6417356307897679 -0.3064087057312135 0.37369895448292806 0.4053208737431594 0.43852923687407686 0.4368439607560621 0.32477933300263045 0.5736078548008006 -0.48766193904673966 0.5150862041927549
0 6 -0.6103350938163192 0.4768166360454179 0.6361625362608303 0.49414169719485146 0.4710210343985176 -0.7733330956137299 -0.3946789765907883 0.6688229391001285 0.4005301026837222 0.3622159576083654 0.6814803429119575 0.5150836227239086 0.5575919802134295 -0.7200420326602348 0.633743345365099
0 7 -1.3486074138999462 1.1776373162796718 1.333415745142367 1.230870455974548 1.252797746456979 -2.1028291541608466 -1.1986976844770911 1.3668607902562753 1.2981140109952956 1.0505916627454106 1.6323112520293435 1.0893449659598284 1.5573426870519895 -1.7798172919754873 1.4841457028843628
0 8 -0.8354217890883745 0.833882638026443 0.8734947558818552 0.7680245929208512 0.6894999733185168 -1.3620921931283372 -0.731117196570494 0.8544538705712852 0.6828690650319128 0.7981563283318364 0.9523299213588222 0.7189411497929068 1.0320480862084895 -1.0256619737756276 0.8371985386764212
0 9 -0.500437702328675 0.3958491628335679 0.45164567532073135 0.38877117594146515 0.483433545720096 -0.7738152291862125 -0.3828212493782638 0.4710562158978979 0.36147280284196015 0.44350076000318284 0.5180934791200194 0.45940151381749017 0.486280013604712 -0.6925661042834644 0.5765443762412537
0 10 771.8975886161718 -725.6688010626458 -805.7365787023251 -669.2286364792576 -716.0778786891885 1197.1590507834399 660.889501881891 -856.3972101853645 -720.435199645619 -655.6066432138551 -950.2718630380133 -682.4830596562197 -882.5569213554661 983.3205003006589 -861.8840514990138
0 11 -2.7709856838086226 2.6504958667497354 2.8766072235940543 2.488880879864604 2.581385820359438 -4.364505055544892 -2.342444129918126 3.155208101294908 2.6388798009408148 2.3345339536360648 3.4964710561394754 2.422839003190985 3.164146651375999 -3.6124715026087197 3.101125462882559
0 12 7.611084157554149 -8.302920725899071 -9.22424824998423 -7.701571625020156 -8.115234224738531 11.706918778713066 6.489050859264139 -9.721809584860793 -8.136437561181163 -7.397836256765493 -10.680802358189954 -7.7058596106253034 -9.995518208804661 9.586074258616867 -9.802230165381104
0 13 -0.8761301154289445 0.6467551726409793 0.7457608103050145 0.6288882418708678 0.6523954818368056 -1.3314408931196473 -0.6346524121958591 0.7978717388836186 0.6428850109792127 0.738579211126341 0.9807142187387573 0.5916621080566988 0.9017673945617157 -0.9640484561097072 0.8130821611916145
0 14 775.8915500428835 -730.6197358895345 -811.1115127693414 -673.7777172355435 -721.1037829519282 1203.4141896673982 664.292267187903 -862.3024983605845 -725.2864162927339 -660.0933654326961 -956.6452600079036 -686.9055890483058 -888.5542272788424 988.425667986959 -867.782883651137
0 15 0.05605038866296348 -0.04866458959137543 0.06032261480948843 -0.06199505400762296 0.02684642247342886 -0.04778861465293789 -0.03792843551718678 0.027441112252174493 0.07718915910833081 0.11379176542207242 0.05230407430532824 0.08024079526126339 -0.05410159393821816 -0.019809760616396093 -0.03506271502132717
0 16 0.08967675913242071 0.1045204092741102 0.07192889969054586 0.024835323949097973 -0.06120242187784862 0.054055699142637394 -0.09483936176965413 -0.07923261134936772 0.01960804948252415 -0.06896491715163955 -0.012768610997004496 0.09839306603434111 -0.08140249732604346 0.030907241342575168 0.03649068071188869
0 17 0.033559963611075244 0.06647432499053246 -0.021535841953331615 -0.088482129436935 0.1017054806840074 0.08997258783190251 0.073701066842326 -0.05403697698975973 -0.04491782693452808 9.49557917825936E-4 0.09691363267505934 -0.07516451853429805 0.061885754559159366 0.051802867047537754 -0.026710098201733274
0 18 0.08414004231437365 0.007086253539772723 -0.0010540636132066955 -0.036795940724622195 -0.04877498106015168 -0.040317386967363915 0.07532083464287904 0.03336751659495344 -0.016319545489930937 -0.018861802978479773 -0.036964990796663835 -0.076066064631188 0.06166537133068784 -0.08327674345405607 -0.02678610374993191
0 19 0.08986883419962807 -0.03835925095097139 -0.06718441123110311 0.03767944201523671 0.08168366920988299 0.08760458363554793 0.10529433316893407 0.10897853342415095 -0.08270279571532614 0.019724194200216243 0.11956679615803227 0.09782552675784936 0.09021677464499361 0.1055494171347168 0.09933294165664193
0 20 -43.6506174300001 39.84323301447499 44.10847391479698 36.60237726677502 39.12335921759173 -67.74199887718372 -37.2750213568403 46.967164629255436 39.59781568653058 35.97395684497741 52.12283739903827 37.38354306582076 48.427361942215 -55.512008097946 47.407081662192084
0 21 -2.133288646650271 1.840581766231341 2.089270863470414 1.712979634726532 1.9713257792397207 -3.18660576483132 -1.6750535761304968 2.3343337382726577 1.8633340507394234 1.7254642764323567 2.5846366731291437 1.7816169692587513 2.2580668557823214 -2.619696214720421 2.2277715389179447
0 22 -3.688581047324404 3.44768332533967 3.7845349969522517 3.0407551741074537 3.3347432787815436 -5.898674707752298 -3.1306193226120556 4.0292205382630915 3.3941090406019137 3.0264243964379816 4.424229819344932 3.098083441633247 4.174595316047318 -4.737835090984266 3.9869518014898464
0 23 -1.8633462395507308 1.6642303210988012 1.8100268802928745 1.630585599070101 1.6909689255090645 -2.8378230099437993 -1.5314006917634475 2.0479962874552626 1.7464903785539125 1.5087397517324643 2.167102250361211 1.705764649761493 2.1586613314632497 -2.2961125955188866 2.043519934103596
0 24 -51.35704429104066 46.817116877783754 52.043708173053545 43.056022354347974 46.14316847471535 -79.51540040772393 -43.821747833128754 55.34307079983424 46.644024368205315 42.20648029377282 61.46040472183586 44.02172848321601 56.957947857998505 -65.31480392136426 55.799897922052075
0 25 -22.01876167364908 20.483985396935434 22.793140348101886 18.98812157456814 20.208459957033742 -33.98500609671922 -18.685815499712344 24.202465056274814 20.389754132618148 18.42468536022568 26.82723476011546 19.2122959333974 24.915560025447743 -27.931061798744654 24.358611162703426
0 26 -0.9066691913114077 0.9339783995638424 0.882285705309909 0.7481192411262514 0.9467172190482769 -1.507003809179771 -0.7197186816361462 1.0817795268084545 0.8140482009935813 0.7478405122190154 1.1710007604279205 0.7283003993128367 1.0877163719086154 -1.1058119949902372 1.0803370664489238
0 27 -1.8682492122790757 1.7781002394926553 1.8129822363160324 1.4561732458683592 1.6334068603899539 -2.855401688237459 -1.522881978839224 2.008715111244796 1.6050234765278935 1.5421700444717046 2.2684985145566023 1.5081886329935974 1.9915658202616358 -2.278131501403142 2.062332204384955
0 28 -0.6790171261053015 0.7261357517226009 0.7193471203931403 0.6344817861286353 0.7642833633186472 -1.1628346615506195 -0.5344259470300756 0.7910288524223379 0.6671830474017802 0.6193544102664515 0.9871748487923049 0.7085568606400366 0.9034816435214292 -0.8666995149195039 0.8738757733599684
0 29 -25.738932506567494 23.873541011420766 26.647224863830548 22.181117001615537 23.663392377298155 -39.767233107249176 -21.92186874072272 28.36771202484279 23.87125756315697 21.60980097085105 31.429662448683228 22.59373415804394 29.08226852014272 -32.643122785107934 28.542680757736445
0 30 -23.811984450269954 21.409350489308324 23.780223692577223 19.674437965502243 21.116725416553844 -36.93530246114875 -20.368795808867223 25.28115403324995 21.30160393225461 19.316616958849846 28.014395501082763 20.246615223648654 26.11259633279852 -30.260262156434898 25.56261900590697
0 31 -1.1554747783578396 1.1178548972537166 1.2588220510862267 1.0698788553800764 1.1201221362080236 -1.8406596965912676 -1.0569473844647208 1.2565538235017064 1.2254827025248896 1.1181046684500158 1.534522228299934 1.0610554773101624 1.3396663170054408 -1.500972910201105 1.306923476796583
0 32 -1.6566375398192326 1.4277034085680367 1.53828466136679 1.3784774375423658 1.411882917969799 -2.438864863450519 -1.346026774377932 1.685855553796988 1.3324713150319951 1.285210176892852 1.782269647442098 1.374488215156982 1.6367492728115676 -2.137352590373109 1.6475975781312553
0 33 -1.1286419101397263 1.0289159492458655 1.1265431852662637 1.017344494607499 0.953935623859914 -1.7283348175992754 -0.8804001431317442 1.1272817421265455 1.0583421730089402 0.9218616555295015 1.2605617586848754 0.9171216806448738 1.3339430124435259 -1.3752530793197488 1.2128613660843433
0 34 -27.467127297854624 24.721389840420585 27.384117092860023 22.71154053331344 24.297490552277896 -42.59994522189719 -23.573844491456267 29.282671826773964 24.582514143449583 22.36648811917441 32.38242242316798 23.2964048639233 30.183057807455032 -34.95265462567756 29.44334883882376
0 35 -23.74669560321277 21.864334946464453 24.162226867555844 20.05191108092398 21.601867021842093 -36.868084097360494 -20.278304767453783 25.875632127232514 21.83294803904683 19.678363553619196 28.646234847635714 20.565517710243036 26.615635025736996 -30.163565979493036 25.926323418458598
0 36 -1.048326913098436 0.9629640659788022 1.0568614540645613 1.0064029559181018 1.0643805761430738 -1.770683892361986 -0.8624506351212199 1.1308056084312728 0.9198124611003318 0.9633025584048628 1.4164271596729947 0.9060120965190749 1.306651751756931 -1.3707041038403338 1.202133607981376
0 37 -1.7439244193011638 1.7461468161143832 1.8792870675241393 1.4838979966223211 1.6100947836879178 -2.718684156095297 -1.6295332711699757 2.029576446331329 1.58047954401273 1.4994445790073032 2.1633599999550475 1.4833731574364784 1.959088583659781 -2.2380992285823527 1.9239490894581017
0 38 -0.9979135719576809 0.7614510983120855 0.867929925050355 0.8715923660644538 0.9350048113229653 -1.4501358454850752 -0.845652544939668 1.0230693379322346 0.7957041786125738 0.8635860485983965 1.0338046774180354 0.7603789489358121 1.1211171530944 -1.2428695709980524 0.9893113738001772
0 39 -27.460078291995053 25.289938374111944 28.129675095217678 23.47108110202663 24.942036462630895 -42.75296501079045 -23.608338034100093 29.94486890360647 25.25270210366958 22.900890554864663 33.23994727930863 23.780933327312237 30.98019026102284 -35.01165975488612 30.188734715913508
0 40 171.42924346214454 -232.4169710553378 -259.94823169385137 -216.75378065578263 -233.8088629995963 265.40846760502603 145.04531120151935 -274.11908838788486 -224.94536631263318 -211.95744011414817 -300.6973225038444 -217.611681690229 -281.15133629256417 218.93721008608756 -270.3672742562128
0 41 0.0016582257601314863 0.008233938310652418 -0.047129208496060615 -0.05050171792378871 0.005100832198940574 0.12281718084898378 -0.03624256819483296 -0.13114585761908742 -0.06481032176006281 0.008120950388814222 0.02386382265428365 -0.07277066340453771 -0.046800561812214335 0.033390322951474705 -0.0726033444873541
0 42 14.5586206564874 -21.598268336178034 -24.054396020871422 -20.115161124103437 -21.677589713749843 22.387917062134598 12.244053061256535 -25.24581220725206 -20.75929202130404 -19.648801280706955 -27.810618640470523 -20.05541293293886 -26.030677521787993 18.520125179574066 -24.908076560906938
0 43 -0.1682951940316117 0.13133487570791036 0.13712055053051217 0.02147164905869406 0.07822775066467443 -0.20242776386943034 0.010248814140574445 0.18978513768964536 0.11950493537720804 0.022814740791541267 0.021425825212547114 0.12489545225765367 0.03316538046015025 -0.1832322658597305 0.052262277618467176
0 44 222.87794218377624 -307.41722919332057 -343.7883847927086 -286.85310428954983 -309.3234675483481 345.12751162625614 188.60194822393416 -362.52586365003816 -297.40917210572076 -280.30743907744164 -397.65590159560327 -287.7211100932742 -371.74136063407127 284.7947029953958 -357.5063019303154
0 45 -0.07103279244309224 0.06914109945527626 0.1628207893637678 0.1725086430230885 0.15226245110273928 -0.07661428333024466 -0.07683648419129334 0.12821014744385495 0.17580641017714774 1.3412934978306731E-4 0.17762282768872667 0.11205252336631985 0.04648254154485685 -0.03524861808916685 0.054213862981981734
0 46 -0.4190032389275332 0.358459067455398 0.42930342899848356 0.3359875797790679 0.292487954072371 -0.609756611020421 -0.28634097561974203 0.42126040070243637 0.4422763005477994 0.3759711244508836 0.4698198433896767 0.3532143410804837 0.37842655053999585 -0.43859058563614506 0.4256404204480764
0 47 -0.5915881596557819 0.667133310879069 0.6658449453437523 0.6077551806387179 0.6096600942008685 -0.9590774725521579 -0.6189082865650118 0.6867586474323819 0.6659433868623337 0.4615514505860465 0.717441442384546 0.5716846984560157 0.7674806104971598 -0.8341836930187626 0.7081400756230997
0 48 -0.17008628632036027 0.1307584154898726 0.2852081136189545 0.19651043782457345 0.2087290810261795 -0.40358737420615026 -0.23943537119615507 0.28464622178146515 0.13640086996216355 0.15286986151214632 0.197519340883866 0.1773104485033955 0.2648023709752085 -0.23374401595403207 0.2571359285895064
0 49 -0.15238100307708288 0.12261641494610681 0.11869528930158599 0.0636605305983244 0.07883100506114349 -0.2734546354160193 -0.15706164323864788 0.2352082226074144 0.05471187374740378 0.06966001069457836 0.24017857644299534 0.037196795046363834 0.09239165145492895 -0.12361890695275651 0.18037109564086784
0 50 0.04770630450896329 0.12945427043660293 -0.036207208332126234 -0.045418420592688004 -0.025185033888458885 -0.0767647692955466 7.067523316891426E-4 0.08587111582358406 -0.009649564360200449 0.05496577511191686 0.10889055538057608 0.0035876196224376013 0.012396505423463764 -0.028933537390486916 0.14529569703446119
0 51 -0.09208566882151642 0.2549342331810205 0.2171737577200201 0.11916160168874282 0.07961128488276689 -0.22148176714043952 -0.15327788265500364 0.1835034461383882 0.09735628608510095 0.10140111761771257 0.2511466423602708 0.06254898043598951 0.12530400839710293 -0.2326853846081528 0.29256966686729874
0 52 -0.37325959011674326 0.34574137946290856 0.3289377601848707 0.283828578665417 0.19183525542314714 -0.4282851354623592 -0.2963542205149988 0.29508143462050523 0.25171063177495 0.27022092634655664 0.3156947752973855 0.3388791458979757 0.33405190385970196 -0.39257360705531874 0.39161448041872354
0 53 -0.034630306828692475 0.12988312291279547 0.045957916208212504 0.01621610813513157 0.03478991681842634 -0.1756467809268902 -0.028426744379266906 0.04509221933581614 0.005852087876519383 0.0959833072824072 0.12669698786982933 0.1621511830718989 0.1342195561271354 -0.07170879413625399 0.10025566115759825
0 54 -0.1587788835520128 0.15635484978755104 0.10865116685376691 0.0812164422528349 0.10906185220584659 -0.005847859180906236 -0.07919378499442442 0.12883004924650418 0.044573623678409745 -0.038749868690893946 0.167671032431832 0.08529885099458916 0.02259132441954355 -0.12153005905978585 0.13892263104975722
0 55 -0.06794683219118473 0.07693498821038923 0.10422304983403763 -0.04701462084424901 -0.01954354238926312 -0.07439990904742035 -0.03650310468290131 0.04881299530633586 0.08735392439233945 0.06032047467756586 0.12633893295856233 -0.03371592884766779 0.006508910314757809 -0.14078831799996083 0.027843448212285696
0 56 -0.20752559975428908 0.3138511131993134 0.31206724241579376 0.3087956441104478 0.2074658848165613 -0.3233775396628376 -0.2481512950549492 0.3723155916984366 0.15273276697629595 0.26782532705414064 0.3005689205753752 0.22760681627453727 0.21313299117969187 -0.261032511071523 0.2650669087587129
0 57 -0.2838846484294563 0.30178029297724723 0.2493250758399499 0.19888737591414293 0.2819771083904207 -0.4529893892758121 -0.2905583660135542 0.26031592550136656 0.38058277838610677 0.26278467837079683 0.392294702327144 0.28380224898679784 0.4154998518788892 -0.37144404948941456 0.3695269564845698
0 58 -0.11741114607761681 0.2377262061026384 0.061228547016410506 0.22213281557454864 0.19150073439165038 -0.18167574774351705 -0.031541099978569014 0.12679885918324116 0.16403025830232265 0.1534161602760839 0.13048113324034213 0.13409164264452614 0.2653860876113966 -0.2481190940658757 0.17312666916653774
0 59 -0.06378859632123532 0.0192905087439619 0.07642719032849257 0.08773801440184359 -0.026262182213972203 -0.19119259226724233 -0.06430491383654176 0.09323540462526604 0.10272781060861513 -0.026633393987069653 0.02843169178764368 -0.0028815122722461767 0.11262301550250314 0.0030292312441419426 0.053454956536688206
0 60 -0.06610691620395347 -0.015780178184654468 0.017550512220971197 0.09144305346001334 -0.00990839088569073 -0.02232740820672219 0.00770716585654405 0.057118420314537136 -0.008402476212830735 0.03949518653515218 0.13909244845410776 0.060815841450382734 0.1330223230596581 0.02433803855940162 0.09654491672159894
0 61 -0.19102024606258608 0.2232965853464956 0.21242433893148743 0.11593192729153594 0.23733361813345322 -0.37462859236710166 -0.16368346545807197 0.16514511635582158 0.15250078497012282 0.09404975090168052 0.1936437948802551 0.25817236158225226 0.3333049345914798 -0.3224911885928315 0.1695333204734375
0 62 -0.227014486118576 0.30434493716216104 0.35834745130268886 0.3271898454116492 0.19805716851963667 -0.5702690562584781 -0.21325998937703042 0.29670169620359255 0.3207994134535745 0.2959908204666135 0.4837938971080146 0.36929612281867563 0.35043121555276924 -0.5034073378871685 0.3467175822111526
0 63 -0.06158234002332429 0.16855869377256624 0.13166707738590683 0.01817082024436247 0.045052692363159806 -0.11289567399964756 -0.14669539216317828 0.16652287614018918 0.07184884076463609 0.05243159721068556 0.23679393911545998 0.1385223077188914 0.13417671959496508 -0.07536223603583914 0.051279696387948784
0 64 -0.12628417888898816 -0.03562587870307699 -0.022557554635330695 0.09574316675257351 0.08474646288829286 -0.035809708925993944 -0.06941705505013493 0.1279422411110827 0.10070395298372173 0.08062054658432163 0.041092029657181825 0.07731217659447465 0.17446947739366345 -0.1617105133057376 -0.017945074149218785
0 65 0.013972787897972173 0.07884453720047324 0.017672542431115768 0.09140814556293622 0.0898938736745463 -0.08256048823538222 -0.001304079294648108 0.008371051593078488 0.03661957696696871 0.04706271376987128 0.0023662368865713856 0.08856529275083405 0.053199383712944553 0.09411460426396029 0.03132111535678478
0 66 -0.05838389186635295 0.10109417480332442 0.04898801304003536 -0.033615802183019745 0.03271950724064124 0.05337191826116848 -0.10519815008063713 -0.04210934797801003 0.10497141482258641 -0.09128947080383955 0.035131497023720336 0.1000635760549364 0.05816992991038465 -0.007614396729995397 -0.012984339814730923
0 67 -0.05060502573503254 0.05767550414941104 0.00286560948336542 0.0685358802130042 0.09783163771376042 0.07870131736576143 -0.09019275153640839 0.08304992292223486 -0.036901457191717994 0.06586915591141554 -0.029023190681143136 -0.04367125724289195 -0.007152024727243815 -0.07153689568541234 0.08060039166533021
0 68 -0.07321582091005 0.04817108163909558 -0.002963190026163288 0.08721745063838827 0.057365451674587564 0.05377221632556962 -0.08412047232780523 0.08146798913249566 0.042572132465379504 0.08422736108776048 -0.0891625246079109 -0.06007991694893228 -4.817151094220249E-4 0.004440934722053044 -0.06955168385685107
0 69 -0.08790874687298794 0.021893914177127796 0.033712233557458025 0.053599738473068675 -0.0799917794729787 -0.099565356190971 0.07597615247904481 0.09567598817841207 -0.07411362536941865 2.628982881511846E-4 0.08494356043929917 0.05033622267122177 0.018428710497444028 -0.035526670470780834 -0.09988228605609406
0 70 -166.00612811066566 151.65071237703953 168.1880688746425 139.57297858361343 149.41013742676725 -257.52109621565563 -142.19006545084125 179.0361464715071 150.9291218994694 136.8469875092419 198.7272976180964 142.60237071459838 184.57356561304817 -211.39993178831327 180.45388009672362
0 71 -17.146493210510883 16.049799929648685 17.637069105974266 14.80239096305339 15.83422835886039 -26.53617859513087 -14.686395850329442 18.903698709617036 15.908849721528135 14.4048059816411 20.95693133577704 14.99213634816798 19.48381187087867 -21.78115616566596 18.912809859309334
0 72 -27.00795738931997 24.478885331644772 26.978337644087595 22.369282802646488 24.093324074274317 -41.927206814420735 -23.150013271362425 28.894869880444226 24.235140978813924 22.114831280338088 31.911294857097086 22.865335892661836 29.641007033982625 -34.37321652840318 29.083960798349263
0 73 -15.293317068274579 14.163568417224942 15.782736416636618 13.148975245744502 13.967348794211723 -23.624681163850624 -13.090604540821472 16.92160532227918 14.121992536567596 12.787797457535067 18.60543094073721 13.345572943903926 17.25840163172136 -19.438892803673873 17.003411424234265
0 74 -193.81298776496348 177.07997888973821 196.51390799067696 163.12764738551735 174.45841998350087 -300.63814050763375 -165.87945307812882 209.05624272978494 176.2133481776326 159.92662565392123 232.13203174062113 166.6301984294158 215.5942004954154 -246.87001716687087 210.83376248950978
0 75 -80.9898117327384 75.57971039524887 84.03339866199084 69.65778594485883 74.6299417119179 -125.63162609291429 -69.27385968959851 89.25588810443156 75.13490792412925 68.2979610315021 98.98007711672622 71.05471776527058 92.08476755726673 -103.2016634885804 89.9380424944788
0 76 -7.703035870688254 7.146480120729949 8.000684806937581 6.575730272564322 7.170729412489583 -11.839203074699732 -6.551998507876092 8.405201352237814 7.23264567081405 6.505779702192528 9.501660867549452 6.6854276587002595 8.79035343424533 -9.800883717771141 8.58163748332229
0 77 -12.114736584495951 11.352310512123788 12.751897936928499 10.42561895987275 11.259892568336598 -18.82196674258907 -10.4118851157098 13.48805259863924 11.332163450172951 10.240157905922164 14.94658162521705 10.8165782055528 13.876530790530543 -15.522957097662118 13.601693852925115
0 78 -6.110928129050764 5.76904675711788 6.332672926686746 5.3934526697602605 5.798135770835583 -9.536148257726415 -5.258035396650566 6.804418779821793 5.655800020529706 5.17205592003881 7.654356974700513 5.436188565418264 7.035865140488327 -7.8554175538132265 6.8886524239800275
0 79 -94.26997650981548 88.01691243395618 97.7105403746431 81.11551788254361 86.79086719426562 -146.07598859910632 -80.69297341515451 103.76851076508744 87.428705931896 79.44403691645846 115.27896717928861 82.65901417670813 106.97303553934162 -119.94992859420142 104.55467633953978
0 80 -109.55518869186733 99.30755528515532 110.1539836518668 91.46197757037038 97.76584417886414 -169.823646306434 -93.81748236765273 117.2145843500669 98.91838948931674 89.65486168704902 130.11894191931518 93.51612519540537 120.8354748149485 -139.41689021551218 118.13604740553487
0 81 -11.053577581343783 10.269713799539376 11.546579872474421 9.515143546357168 10.297320886836383 -17.12905936942701 -9.54857459701499 12.206513352921993 10.21287367820524 9.281360081755373 13.602603071996104 9.681303782929724 12.600014592944474 -14.194463949081612 12.275597969091876
0 82 -13.832105643703727 12.004944870292704 13.283873265520137 11.055682754421536 11.742638819225437 -21.305987544460955 -11.831364666528305 14.239047287363547 11.957644638419044 10.808924464480382 15.733160925054822 11.241043689461277 14.581831134525313 -17.40003378731657 14.407295039772453
0 83 -9.984610617754573 9.349944014387338 10.337181640206689 8.553614038591963 9.347865583505513 -15.595322740145946 -8.647985161971945 11.152985384225836 9.272029004843658 8.381348432203056 12.298238275594676 8.724683194293473 11.336055749608862 -12.724861209146225 11.213135426130295
0 84 -126.48108804506455 114.775438510886 127.37865748597348 105.71772108525185 113.09966692764853 -196.34664115685732 -108.36270454625989 135.448334044074 114.3398663392021 103.6774395615126 150.4614382902289 107.93987078750949 139.63325742398456 -161.210579904855 136.6329518732313
0 85 -96.53353318548308 88.8393659783066 98.61212311764572 81.78073379228549 87.66464356708515 -149.71021177234113 -82.65668555899975 104.89763401546197 88.32805545055845 80.14935008297472 116.33893156691232 83.53678425802799 108.13911688455066 -122.91684458881267 105.71561584360022
0 86 -9.393664027196374 8.811733463354633 9.872523165692193 8.1314117517661 8.765858192301115 -14.709694340818178 -8.00475880044943 10.372007276237358 8.683663427496862 8.010765758193823 11.626653266636094 8.398031697201018 10.706766808436726 -11.984833587774368 10.49758745830209
0 87 -13.453309111115583 12.218261552859381 13.684715864335331 11.38505607046012 12.18729007303364 -20.926234469305697 -11.594033681403886 14.607809439812268 12.344769616256006 11.065383360626141 16.16910555456095 11.61323957573486 15.044948287237998 -17.097429289083244 14.675212711831664
0 88 -8.02831241002784 7.479560655904751 8.395945169241157 6.852730847378273 7.526009851881238 -12.58065250730535 -6.973667137544394 8.893207191825187 7.570363453275528 6.8871552220312555 9.826402103397001 7.074958035689926 9.105960338621692 -10.322931885029483 9.01948812805848
0 89 -111.92072508597575 103.08962605124856 114.45561913127007 95.08522963199731 101.5955677928486 -173.64192595564276 -95.81386465084927 121.67249437044993 102.50564373041006 93.03686629706662 135.1947333128701 96.98565536481074 125.5336750712754 -142.55012181979475 122.58641674072089
0 90 2510.147751112954 -4200.721002969307 -4710.937241673803 -3936.6750741985284 -4256.6867685922925 3885.9621586660796 2108.769329695461 -4954.540895611089 -4034.383084816334 -3842.579238045804 -5416.1196611348005 -3925.870771294728 -5069.8274940996735 3219.0056139393814 -4855.736119749376
0 91 -3.0307737464661924 2.493867050880719 2.7862351494726565 2.2295994733122573 2.56283652643774 -4.640786433618239 -2.558543777716849 3.0768256447221125 2.5345883904904047 2.3164880049877454 3.3372516133511207 2.4680165424580287 3.0689242616149373 -3.8515797533335867 3.0056102761801693
0 92 813.0331276838738 -1219.6646789324732 -1362.5371452983202 -1140.2959466701534 -1227.4361447105025 1261.3248514660659 688.9057126982858 -1435.2978477546433 -1175.6525375737333 -1110.9019688477963 -1572.7864415184172 -1138.2527780969865 -1470.4355806861888 1044.2776407211254 -1415.3453317408714
0 93 -7.493632255186572 7.040088701777447 7.8285786133254875 6.512034769598353 6.8069581188548245 -11.757521853403144 -6.384719395438974 8.274071301639783 7.012941967091022 6.338894013236307 9.06878879731398 6.644867961601473 8.414972853435483 -9.535538606113468 8.300351109032405
0 94 3236.4796619403396 -5384.450043064897 -6033.936669440458 -5045.718752853849 -5450.859821979384 5013.188112455513 2723.388509997337 -6346.609607825029 -5170.30601440927 -4921.27272367491 -6939.399209802398 -5029.242941090447 -6495.134038609217 4154.551022009523 -6225.1509392373755
0 95 -0.6286834743228026 0.48114034492996044 0.580937659532424 0.5490402569938224 0.5327714510655503 -0.9592592058834528 -0.5134547550863364 0.7267316915363663 0.5484589407683106 0.4660854153916065 0.7810483352052725 0.5429747374033526 0.7260517555889321 -0.7329507614211463 0.5909923116073726
0 96 -0.47241646082117056 0.42048655630866394 0.529294158558266 0.43142051330933623 0.3692525257566682 -0.6266718594607327 -0.4265830664907483 0.5416223115580334 0.48822614216490245 0.3523680721428074 0.6332616770200662 0.4541628727892322 0.5280078568699748 -0.5710948873852175 0.5421409890949197
0 97 -1.3355211602647805 1.335937484406826 1.3789634464867169 1.1331568503561837 1.3370308686829813 -2.088396813462892 -1.1478992300671171 1.5027166436069466 1.2894199197168896 1.0906397628828353 1.6111332938717173 1.1230089432107802 1.5654884009494814 -1.8232500941604461 1.442823669709087
0 98 -0.6026146633233596 0.6349231418635571 0.7631193477917455 0.701079370596422 0.6566101452947037 -1.0022684590796493 -0.5707599822992616 0.8386955240630782 0.6612813837918481 0.5608360275313348 0.934319567283064 0.5860850185658919 0.8893967413938692 -0.9489783085355263 0.7531735646160798
0 99 -0.6010644648263989 0.5583256617406813 0.7208315461869474 0.5105950335335163 0.5100530728061757 -1.0195259422150105 -0.5148185752649922 0.6955015776981498 0.5536771610397767 0.461141263423063 0.7487331405022515 0.607113866378381 0.758570702596787 -0.7700720398630271 0.6508250904376987
0 100 -0.5282129986523875 0.4240101059692521 0.5445296936998103 0.3057989467088311 0.4591185614436837 -0.7479077455276125 -0.46820311922563035 0.5556292668114495 0.32118165451238884 0.34707936553729474 0.5029777590580062 0.30584387851986117 0.42373720987652347 -0.491325183178559 0.5147115745507443
0 101 -0.587807903484315 0.4137650381362543 0.4843207032738622 0.5250766233376771 0.41997654291678793 -0.9101689882474622 -0.4797031519288529 0.5895678569339822 0.4505872523825089 0.4621326409661622 0.6130463223956932 0.5593443590821471 0.561342920648825 -0.7903989338630747 0.506340593524325
0 102 -1.1703461137309923 1.0957470853368967 1.2132941933528496 0.9807906751161874 1.2112118584938525 -1.9808442528028913 -1.083841834053219 1.3723980182226168 1.1026369032596373 0.9367671786477917 1.4606918135550444 1.1198606666868403 1.477215568761136 -1.5210284889053298 1.2968821097007222
0 103 -0.7908980848697481 0.9094975553939941 0.9632041596419056 0.803644036868012 0.8201267701074614 -1.3398587576200183 -0.7535001289332381 0.9548092177281392 0.9026837894046271 0.720215580358553 1.0240858676405316 0.8324054301424846 0.9479927240109602 -1.1837277725591415 0.9638543650147828
0 104 -0.4284926739002033 0.532765617980409 0.4304762052411178 0.45938070776569373 0.4330863564872439 -0.7774261970780967 -0.3710984482839803 0.6451480183113574 0.4096396906064387 0.3478795870718709 0.5941047161030082 0.535480562723591 0.6021056592273442 -0.5995824628398689 0.5569318999506851
0 105 -22.07079407435807 20.731949046593186 22.9988613804162 19.039815595939384 20.429330715409336 -34.29918709965497 -18.819263781543892 24.361510982415517 20.47621712276368 18.702583440540558 27.113026710528207 19.400819263344765 25.22317327920945 -28.16219623542846 24.500388707071625
0 106 -9.67303381277508 8.99524536088276 9.912937107785588 8.355180098029226 8.857418614225754 -14.918761901536202 -8.27716140734482 10.603976886891525 8.86809539229825 8.09711117199189 11.746293558949857 8.457701461791912 11.020284438115928 -12.177898483259046 10.755502558819968
0 107 -27.431621943425352 25.632736950543208 28.44186217724519 23.631507305705412 25.25765204234329 -42.59175239547107 -23.38681777539387 30.23139909702002 25.496456065025058 23.10697849332813 33.58039987317884 24.018076018781294 31.201213673404435 -34.88272224413688 30.429307541191676
0 108 -15.040080258139149 14.096521564862694 15.60847333136073 12.94360141850539 13.776558599124423 -23.250465640011374 -12.807423551843987 16.512873568909953 14.025534785048269 12.693477863921089 18.322427525873536 13.273357544239456 17.036268716426726 -19.10892585777168 16.665944920472594
0 109 -24.01570104160444 22.60665231141363 25.03832662560888 20.826516362179245 22.20171409247536 -37.40307789479693 -20.68994623528877 26.671605893996066 22.38007986309086 20.307660747182247 29.433276796565817 21.218079446584806 27.470486368316955 -30.76483125831064 26.76230491479742
0 110 -12.130966795986215 11.423760892686724 12.652064699170019 10.484997833204673 11.230602296131961 -18.961095338412004 -10.408773831918294 13.550691595276861 11.366529687975508 10.304013735133243 14.914644218295717 10.666316856429487 13.933790134084193 -15.451848658190226 13.47268779071225
0 111 -4.409738090422128 4.291994567154941 4.737728259206947 3.833201728719632 4.244013135705504 -7.048735857789729 -3.9244231439568296 4.922458683722325 4.163874818489761 3.834732311616732 5.5717738473072655 4.073748683154094 5.0784719618581 -5.624728745551741 4.953531697418598
0 112 -14.632041161718934 13.683120342216387 15.113646104956148 12.591733401010744 13.59675751613556 -22.65174738351449 -12.401885347144765 16.17932480055745 13.495936599652198 12.429388932983237 18.020248307325595 12.972377205899726 16.689825762171214 -18.535583516800493 16.338821798545652
0 113 -6.427640309371549 6.022682673574973 6.7396393975358615 5.547672893672832 6.100680122942474 -10.042382391123086 -5.635243406093041 7.227463496871196 6.059530790599482 5.449570596739968 8.033357452121853 5.727067302419266 7.3869681443529975 -8.261725185652434 7.301318781071643
0 114 -13.422795233372048 12.54072036853938 13.957953037370288 11.508963558502819 12.34521361967859 -20.78611836382788 -11.500017823096544 14.68097098262847 12.462577825426177 11.292842190030191 16.312357455923085 11.678559172507923 15.281967350230206 -16.93610447740896 14.892373334643468
0 115 -7.679372808684925 7.303230275821368 7.964271983421761 6.710926210378443 7.22058398392677 -12.03878929253186 -6.542204328110268 8.53956848915052 7.151211924236494 6.5560645854689765 9.440557746999716 6.733999306755657 8.852241276325651 -9.797575772283416 8.530456500810839
0 116 -1.3398382488675964 1.418444385517616 1.499194210837273 1.1869088520036815 1.3031058183648445 -2.189134977981752 -1.19542773097295 1.679610286654043 1.3052452995901584 1.2113768714521709 1.6958077501281323 1.2956677497952467 1.6282010381562468 -1.832965235418702 1.645475906686329
0 117 -4.247606852488863 4.063660359375522 4.63294986761211 3.779922677298088 4.0182060110603475 -6.672578637735642 -3.6362892647291964 4.9284806928375104 4.07684668048577 3.6528937340469856 5.370700314802967 3.8049675552019018 5.028880476633022 -5.445337363959785 4.789544680653138
0 118 -2.590698108288641 2.5549311597599385 2.6862151251328346 2.3482834266001507 2.3694718350022814 -4.13682677252252 -2.3167734751774445 2.8484964058672206 2.4596635885010074 2.248494338026523 3.330681184007111 2.370270337624392 3.1166709773513164 -3.2671627115718715 2.963851679547629
0 119 -8.485229511487166 7.981774274014893 8.788702896725736 7.322939097981686 7.831800937023636 -12.99318555488195 -7.142030797993846 9.23846055916736 7.850944604692525 7.190625647902231 10.396862598646008 7.510855182521976 9.620808424897877 -10.648406713173 9.471197382085368
0 120 -11.691478297626169 10.909678338406149 12.045771629104781 10.12066174928833 10.780218685586346 -17.971750710301325 -10.067138793946224 12.894007004748314 10.862141837689181 9.93574520723644 14.258810207950102 10.169562977107681 13.211857321743251 -14.799262701984611 12.897065792166378
0 121 -5.348580630533683 5.0720944127110155 5.674422136709047 4.720675433651839 5.078254044971845 -8.355031358892626 -4.641227917189933 6.014970272964745 5.137601309656045 4.55572933669193 6.774763118416574 4.750446884274077 6.253718621635608 -6.842651203522634 6.152350805987799
0 122 -19.26494587033562 18.11345468176932 20.06507965184472 16.646648710117233 17.882122102559777 -29.848901495079566 -16.483930871461567 21.26957503607522 17.92861447359464 16.258156934501727 23.674733440352377 17.00423360903367 22.03166191350275 -24.501674874629558 21.53252708273221
0 123 -8.591333479634148 7.93826416733193 8.781945751403015 7.2886751966436965 7.917494919916711 -13.155244874786307 -7.201590068385477 9.446319501256294 7.981134065221148 7.1584840587579714 10.550266962168912 7.472371338609591 9.734983422114645 -10.834193866737385 9.548593237253973
0 124 -12.66829223171484 11.956081674790546 13.256838969389799 11.058767658375988 11.896406914378932 -19.74572306936121 -10.94336550284402 14.19783495694566 11.963766209031984 10.863584287224134 15.680166007478897 11.228541241633502 14.531950524324646 -16.253194836446387 14.228706229179721
0 125 0.04552659175030127 0.07881761848911531 0.030721977868467008 0.09796265014508838 -0.05540538671677305 -0.08648563067458949 -0.03133556466575606 0.1005606588356025 0.018220447460969166 -0.013754105697468844 0.03215010654710307 -0.007777686214517851 0.02302201233187881 -0.014732122461034917 0.07970766954825552
0 126 -5.70428933407346 5.437923992124154 5.883283231167599 4.9353054706674495 5.345197369749496 -8.993405999521316 -4.946768389630403 6.392967271815863 5.34612926706401 4.866271076627059 7.034042944913699 4.967458606566825 6.457866582783815 -7.4746105818396185 6.425328373705433
0 127 -227703.48797696992 301347.2795681768 338691.0570111794 281038.22788985964 303857.6401543857 -351327.1100601325 -192714.70732117936 356899.5369945823 294959.0218523585 276270.2878549102 391797.63414697966 283586.9621016608 365823.10456748836 -290089.0146940369 352561.0994416146
0 128 -13.894957934162713 12.976409275383617 14.417627045792436 11.94613692588681 12.788740792835076 -21.5512934641836 -11.919175613635284 15.31158506936421 12.843380846369614 11.671575198772457 16.828536732261824 12.07098906529839 15.806348737331357 -17.695752165342967 15.390984280335669
0 129 -11811.075220862294 10868.581577140438 12071.067318549809 10017.683354556964 10721.692184354803 -18317.275478720985 -10097.28697278301 12835.953250936946 10814.083385468586 9820.573617602946 14247.358053805192 10223.956664465291 13229.627799506537 -15031.53658608888 12927.089791534134
0 130 -14660.889353810548 13522.947841587009 15013.072496776045 12466.239344611864 13337.07732502428 -22733.359145008773 -12547.202680743841 15962.67167840284 13446.701616726526 12218.252285135637 17714.934695339827 12720.786162248149 16451.548478629215 -18658.251392291393 16076.798952294475
0 131 12.626876672664137 -12.203908626621152 -13.564692978079494 -11.285784632772417 -12.08703487063839 19.680602205367933 10.782812856323503 -14.348334488184026 -12.102867913769655 -11.047481506715423 -15.996791304082775 -11.494318293796567 -14.789902444084158 16.192763265186322 -14.550906391603972
0 132 36.13157922647809 -34.55457978068066 -38.4245490175692 -31.826487921916677 -34.10120007382948 56.092161950613786 30.892326677048107 -40.81684204394296 -34.21433458243049 -31.11300954477621 -45.11939707124202 -32.516448073559935 -41.961317997959654 46.049623089996565 -40.84394505684635
0 133 -9359.381427691582 8724.247061880335 9689.427839933831 8047.381705499108 8611.69704040586 -14526.842332408072 -8003.898032586521 10303.336174347221 8665.17027403679 7876.966842022126 11437.03290628446 8201.579700569506 10620.685590326962 -11941.100983875102 10371.8743434024
0 134 2330.5806007209685 -3579.12808168025 -4017.7303683993036 -3348.3528700156576 -3621.709640193566 3598.746398744997 1955.0559966430687 -4227.085459700844 -3456.374093593373 -3277.6984924126104 -4628.51313875001 -3353.6850879232193 -4329.011498074438 2983.0827868770407 -4151.7569867273305
0 135 -241697.80920417607 224319.20570250228 249244.44499083157 206907.15775740682 221670.77967465753 -374173.6574079538 -206718.78629599203 264896.8286646197 223029.27167801518 202986.77305337458 293994.4224368498 211127.12015757582 272898.0061481191 -307325.9726424906 266696.13018861704
0 136 0.04332379734005107 -0.08019304182660673 -0.0942248407700193 0.06711038065591755 0.02173374747131554 -0.02239413479867788 0.007305574522535738 0.04580331312663136 -0.004734119710395652 -0.05279020931309655 0.05859948142452041 -0.06166728175868323 -0.030685870621159964 0.09113974239861765 0.08255080652786032 0.08994732033408993 -0.0967342839062998 0.04165982865723195 0.0614316792783325 -0.028030399528865883 -0.053458062615662764 0.004605137005378281 -0.08617205441126037 -0.005592260323872031 0.04058373358169533 -0.005107889993333396 0.05962865965253348 -0.07587298591810983 0.019549815956354476 0.0708657913608442 -0.057354451149452736
1 0 -0.04173851939523928 -0.04713358609978142 0.12314362006633209 -0.03695393251343495 0.01646063839766116 0.058072047124248294 0.0044879666870982935 -0.03078470101414005 -0.08096104567884543 0.09544122978361505 -0.06425949856665225 -0.008888147743473981 -0.06585648644440573 -0.020464110217184767 -0.08303194059666484
1 1 -0.07247869307271058 -0.09176414179801877 -0.0483961385415508 -0.019646870683912833 -0.05041246990397472 -0.15548131701245482 -0.07884660949093117 -0.027344965535224194 0.07113240083347513 0.020720120835750727 0.04543444485897332 -0.0789849954828933 -0.05800145620361581 0.015750133178796547 -0.09152319807957827
1 2 0.04677107649221245 0.05824516668349647 -0.09553223161610716 0.012160556729870523 0.04269411182216682 -0.10559131248653847 0.06332890459137308 0.05884834298539237 0.05283472232214352 -0.0531268250631653 0.0017729141058804405 -0.05631507157359658 0.03640708971602026 0.09239451581649168 -0.09190429143672221
1 3 0.0052686938110723695 0.04171578873347866 -0.0750413456185362 -0.06840034556252093 -0.017682651015726865 -0.07233893103501209 0.027209996236939267 0.07779948579381944 -0.052775010526833546 -0.05549383429973611 0.11899867260290138 -0.09566830282650192 0.029802024562160242 0.10552324789692956 -0.05645512495481571
1 4 -0.01934079982222322 0.04397313610618438 -0.002571129628856877 0.08805849330077355 -0.05631329351348548 -0.1666412315078612 -0.056040944903064424 0.004900573089204829 0.12681143682091175 -0.05759561964154985 -0.030059999429470404 -0.05679134249582891 -0.08706433255905943 0.12910138955921385 0.03500801335022005
1 5 0.0018020848310460976 -0.08830357418983713 0.11187368007794489 -0.05202694590935716 -0.055541126303848644 0.10722256324218503 0.05288018986249155 -0.05069383681710986 -0.057343764510193546 0.0015981271056878974 -0.10824235155042396 0.07738232893035756 -0.07023072976701539 -0.012889733789632896 0.07978735710941459
1 6 -0.06044286640718749 -0.050226620106963576 0.07021384427665509 0.051457721051546716 -0.0434259292395121 0.06163512085445429 0.07617349595747104 -0.021676125668615116 0.047099769755995946 -0.07493721412100976 -0.014748431915030268 0.028756687507107113 -0.06583269158496129 -0.046451212963488704 0.06302937218868954
1 7 0.007343126610383552 9.746445559090782E-4 -0.13382988080178182 -0.013771876409651574 0.03785526346068021 -0.11391761324852359 -0.008047663083101543 0.002735335246679754 0.06866652648479143 -0.09207508353366434 0.09110218056920089 0.027560627981123825 -0.011562008712727312 -0.004157404299660429 -0.10844017091122256
1 8 0.078328076674202 -0.01744999773282616 -0.1706258729214411 0.06327282691750774 -0.03887389393348976 -0.11587836914699218 -0.04421827163933569 0.0019163533915753865 -0.03760998115615117 0.015944083914201337 -0.03357312183261305 -0.0244736682066171 0.0664926788949291 -5.710742829975869E-4 -0.026814166475268054
1 9 0.10977743636758362 0.01517025235882635 -0.1645583436525949 0.07497709253375053 0.07906150628686628 -0.006063445960620558 0.026989503008689207 0.09243131688847755 0.10132721919758308 0.08861342741172601 0.026046711602165738 0.01108581874307724 -0.05887895332320259 0.03379342413606804 -0.04472095498737108
1 10 0.04590833091904157 0.018949202033034455 -0.1591398159842252 0.022854726371922218 0.002584705726589733 -0.15724240142872814 0.002823745673836892 0.06296833371564761 0.0913584769787677 0.010738220140872765 -0.03465555071179099 -0.02583945393331015 -0.06481476807141516 -0.04111998638855326 -0.10141887337867381
1 11 -0.0384333584474886 -0.04961788854039846 -0.12176026664301592 -0.034244220517124876 0.055402430428258036 -0.1148956430210964 -0.02021408335320979 -0.0766901256599316 0.08772618806291402 0.03403022065069641 0.08825015024980529 0.025063242463622935 0.02978314933006995 -0.005591595019462971 -0.022307473252821935
1 12 -0.04210269926257694 0.006561535923178704 -0.1117898252594894 0.01366143723713193 0.050378926940548886 -0.16677033171605452 -0.09723939224971667 -0.05806106687492213 -0.006158885598837 -0.07192805136125822 -0.031260127035386644 -0.018033654093408173 0.004234915505041924 0.124753414166766 -0.06359914663792268
1 13 -0.0883231195261548 -0.0716125853158247 0.09399132841579176 0.028628621304997076 0.009211654590564538 0.11050644373263958 -0.029225573025642566 0.01848476658136245 -0.0892304577991413 -0.033536040778985164 -0.049311969962322934 -0.057138245518238734 -0.09528249970280918 -0.07429527431562231 0.018504762793820743
1 14 -0.004767063627246388 0.059036327635064244 -0.1645086686288343 -6.430355355670589E-4 -0.0394406367415863 -0.14458332136791327 -0.05931453592569416 -0.054997816367515336 -0.02228354642886062 -0.005849829091384808 0.02050867522222553 -0.034806574398300504 -0.022355502316689063 -0.027930783892991123 -0.09745614832943701
2 0 0.08714091484834995
2 1 0.0356289267371339
2 2 -0.4113514385075519
2 3 0.015091772609314531
2 4 -8.754209428706712E-4
2 5 -0.40112994013468073
2 6 -0.07233036279571596
2 7 0.014354524329472429
2 8 0.15991758376387175
2 9 -0.03389999371570271
2 10 0.13615529055614303
2 11 -0.11243067349673277
2 12 0.004964731583588949
2 13 0.16396674675112263
2 14 -0.15709207357345684
