## RankNet
## Epochs = 50
## No. of features = 136
## No. of hidden layers = 1
## Layer 1: 25 neurons
1 2 3 4 5 6 7 8 9 10 11 12 13 14 15 16 17 18 19 20 21 22 23 24 25 26 27 28 29 30 31 32 33 34 35 36 37 38 39 40 41 42 43 44 45 46 47 48 49 50 51 52 53 54 55 56 57 58 59 60 61 62 63 64 65 66 67 68 69 70 71 72 73 74 75 76 77 78 79 80 81 82 83 84 85 86 87 88 89 90 91 92 93 94 95 96 97 98 99 100 101 102 103 104 105 106 107 108 109 110 111 112 113 114 115 116 117 118 119 120 121 122 123 124 125 126 127 128 129 130 131 132 133 134 135 136
1
25
0 0 3.305319320451543 5.4595110382305 -3.7178324644343435 -5.0207461396806305 -3.412406070221569 -2.695972131255729 3.1519505033033837 -2.9698614218685964 -4.039471085090782 -4.558369113310837 -4.250144082483949 -3.4874017674029907 -2.1390807793508135 -3.579728858314065 -1.4450455976980099 -3.9118566543377025 -3.033011525838097 -0.06254270170561683 -2.8909248822832203 4.90685824923804 4.8909055685379546 -3.6769709225817424 -3.1903861395024347 -4.407380762456166 5.520976224788635
0 1 3.5190107659292766 5.529837920404819 -3.736373774292219 -5.0635691226189365 -3.5554074257829003 -2.747003400274629 3.0517529693213645 -2.9963166184939634 -4.150848621196489 -4.55805045968887 -4.337688349157496 -3.650600395669046 -2.090191435919901 -3.618487766954829 -1.4901028894246298 -3.9654757021111497 -3.1831712359430946 -0.16414497248527407 -2.8140863042086792 4.959419754491086 5.016436812146708 -3.7188405419948487 -3.3612144543189912 -4.549914890793628 5.4676662435178285
0 2 9.48347511170199 15.2998241073862 -10.470049804372342 -14.166587448057381 -9.791621880432995 -7.454252763281032 8.77514223317632 -8.313368968968879 -11.403141084093193 -12.60415590792489 -12.080962517011558 -10.105348387162648 -5.9262621488865905 -10.055207981950318 -3.9880230324662156 -10.730700709846383 -8.754174344693473 -0.3956299772685404 -8.165575201535935 13.71198616998849 14.007939084641778 -10.302299647974374 -9.271854566264967 -12.32705321037946 15.491527319368275
0 3 5.323211836158765 8.65020068158999 -5.84106136782237 -8.080597086486172 -5.590502481215321 -4.248294964835641 4.988310720139124 -4.815179395297298 -6.325749214822962 -7.183259088788738 -6.920975996801777 -5.71711063972836 -3.453247117275794 -5.59331419826103 -2.2612459539369794 -6.170673210595908 -4.898168352413893 -0.14237604472213175 -4.619230411140867 7.857036764372692 8.044304814247415 -5.889584528192801 -5.320595704257253 -7.106912173331738 8.64115521507159
0 4 3.3155893548677495 5.44349637595002 -3.692648088134646 -5.045506452649693 -3.562032804544907 -2.634347406362255 3.188070855510043 -2.9701948140867254 -4.0348509496501395 -4.586674879935786 -4.299458707477498 -3.6523204191067813 -2.1736903453019725 -3.612412984863232 -1.391433907299218 -3.7881052919992255 -3.18071149019007 -0.22150980438213683 -2.882627020233313 4.921231404131992 5.047967437762943 -3.6971926723525472 -3.370426943177646 -4.362804460005464 5.527686141979142
0 5 1.448241509123279 2.5378067340535635 -1.7115260350194021 -2.1653500799051675 -1.5587557907703649 -1.1168276064930875 1.4418385276204861 -1.3419790577429445 -1.7465041491698672 -1.966536984436027 -1.993004666136981 -1.5228698903914892 -0.9618985119850582 -1.5290997190783757 -0.6134409891871863 -1.6599612689019378 -1.2975249882110098 -0.10205361997243151 -1.360311259321296 2.190520211537666 2.295831596460579 -1.6701604317829049 -1.4387016497146956 -1.9125136674558725 2.435681042524397
0 6 1.841562642396033 2.842299530084887 -1.8452095438000635 -2.58878419279595 -1.816999121633527 -1.3833959810289709 1.5533493265676388 -1.4897592696927597 -2.0318129248134023 -2.288230501135687 -2.252049838662881 -1.7856447907494257 -1.2144347129299538 -1.9328289488746473 -0.7283802903862729 -2.067437555411224 -1.5997217844265292 -0.07782060940663788 -1.5128734843305671 2.533223110585933 2.5988868341076135 -1.9600816819229157 -1.7591226628953371 -2.2860722468073287 2.8591269503062775
0 7 4.344230878658728 6.857724320035125 -4.634277104048274 -6.41754114294973 -4.477644237858451 -3.38578465390489 3.9950806599337083 -3.78492620872766 -5.0353028082039755 -5.771331315031924 -5.53856889827858 -4.549995098009589 -2.7312199800406973 -4.529153857768521 -1.7288113264662774 -4.941852661081007 -3.967446667990048 -0.12997813956919135 -3.6913338379908147 6.221810497376966 6.389756934768355 -4.690556539199727 -4.1583045916826284 -5.615541073640719 6.932566379069599
0 8 2.8509653054325623 4.707536183801908 -3.069729528466574 -4.3193410072695055 -3.006493927122609 -2.156044713840238 2.7153350557610767 -2.4263486883406786 -3.4295215526655927 -3.72716496015168 -3.619304998160544 -2.924038622380236 -1.837990310448119 -2.9963714885224526 -1.253860817291097 -3.1779401317722997 -2.692685383425783 -0.062428437482785024 -2.3603058109958925 4.157337145031151 4.256970392576654 -3.140021692588079 -2.862788659480346 -3.6493123280250774 4.585256312273349
0 9 1.6391886492360004 2.5727057638946653 -1.7985639523075927 -2.2913418351391375 -1.6997175285718256 -1.293785932166446 1.5382731306087678 -1.3758617263718989 -1.9396000600736834 -2.1299463932623084 -1.9788873646280618 -1.6268354511988092 -0.9802542018705842 -1.6595145645246958 -0.587622751825733 -1.8131681643193909 -1.4262888446142445 -0.07701956427121712 -1.3375923986406713 2.2872515309361483 2.350596374903898 -1.7025525900020106 -1.4876654765052277 -1.9943453716842285 2.4784834300543044
0 10 -2400.1481712709697 -3865.093077269014 2621.29331647839 3546.609091960565 2482.256548537548 1864.848139749314 -2197.043128360094 2112.5424894912285 2848.20329270854 3182.3954379466327 3043.5977148885086 2530.902357235797 1515.544976541944 2528.4097096016076 1018.1351862445409 2726.642662676692 2193.871155784601 119.12859464022124 2039.8249746040985 -3459.1034140208926 -3544.7923091468556 2597.4536912929266 2339.8051387514724 3126.31549254979 -3873.5990355183567
0 11 15.405531369810335 24.609934043912098 -16.831589168780585 -22.67277984528257 -15.871045910733946 -12.07826399102104 13.953378639367832 -13.645059173514152 -18.21867158473644 -20.384009596107838 -19.534810551310905 -16.225138371989598 -9.810263330819982 -16.139922303721185 -6.562761973966321 -17.551878476198503 -14.094675950025538 -0.8526324651590282 -13.178984428205043 22.07863861901696 22.69615516793247 -16.598014686174864 -14.989246636609963 -20.070782388477255 24.607100403660187
0 12 -33.28550563619199 -53.873064464420324 35.77357196556314 48.470433704402225 33.92649445422102 25.30796615395879 -30.573967545397103 28.827808262840062 38.876949354213366 43.39663767247816 41.52076693485831 34.50706974160869 20.603698480553664 34.38108160129146 13.751177001846182 37.19740270837219 29.84394737166153 1.3190218223821026 27.705021692283346 -48.1351777427561 -49.37448473513148 35.33361653548828 32.00501319334916 42.59610590047386 -54.03444596812837
0 13 1.8049976312232656 2.7984366401570306 -2.028605688461272 -2.6491883383301045 -1.9278106231008638 -1.4517859749730206 1.5846958871548273 -1.6907436787335453 -2.1249978733606967 -2.311922290203104 -2.283714001672726 -1.967192307940179 -1.1633095767028352 -1.9128263844228353 -0.724158986601594 -2.0207724323386342 -1.7393012837311697 -0.2126735985541424 -1.4766586299178213 2.521172289496257 2.644235498668996 -1.9313012058219072 -1.6664958550012496 -2.3744772937806347 2.8711260960870835
0 14 -2416.4747273607118 -3891.5247738453545 2638.124165696052 3569.603638067159 2498.356059827704 1876.7337614484786 -2212.065350018346 2126.108214917556 2866.5889662045897 3203.067431633298 3063.1943799713736 2547.24126059985 1525.0690633148893 2544.740547604577 1024.470310477055 2744.274011123513 2207.8588013559806 119.42663472799674 2053.0674719225167 -3482.757176705125 -3568.9270801367206 2614.170408679464 2354.7602999064347 3146.4907029993938 -3899.9518491786075
0 15 0.018127825542659046 0.052354305477655655 0.01085770745692028 0.06597975928291101 -0.05440585438840605 -0.03688060085221908 0.055292392001632294 -0.06778643547200884 -0.026214512606660693 0.07666453062452755 -0.06149765794305468 0.05466821588030778 -0.06636365665513032 0.058245057434284125 -0.05547211310387069 -0.013093064857176678 0.06591079939499991 -0.06981052506621857 -0.021472033998789705 0.03177266909538483 0.07776976584291151 -0.011862399459033151 -0.09914255043614029 -0.04093928463100167 -0.0058655980580023265
0 16 -0.008098441957774498 -0.061834623228478325 -0.09726629112200266 -0.05002486065276017 0.0034596704000254184 -0.08199561776697595 -0.014222985797757489 -0.05198262058398888 0.02484827804337448 -0.05265215609878142 -0.055701363969905375 -0.0029875289909513975 -0.03579117585171413 0.023265530661738313 -0.04143469487803497 0.09428747601476795 0.01765611763122342 -0.014519799115898424 0.04230329495101408 -0.10723407239780468 -0.11787235874258234 -0.08216260446417598 -0.06575380964164296 0.018650551893669327 -0.05239986397287717
0 17 -0.06872400131961685 0.03460365820638995 -0.06421829863607033 -0.05459375484649349 -0.06857132155098491 0.067564011692652 -0.02473345230880045 0.025586297174434367 0.05392954079027056 0.055820043915400644 -0.019328175876373505 -0.0029730343071546705 -4.855016467177335E-4 -0.0023490262532100538 -0.07006719689890197 -0.07528626839206615 -0.03680657811655105 -0.02130451709990336 -0.10116231248596372 -0.03604481894410613 -0.09874217815699057 -0.06457671340977236 0.0515655681974294 0.09414894576270609 -0.018015299474185304
0 18 -0.049413298799276695 -0.03418994953082297 0.06442248547776651 0.00282407088615066 -0.04444069379819142 0.05377942342175047 -0.029720826811360845 0.004376919398496276 0.0787133848847415 0.09197810667314843 0.0963996899003389 -0.02800550322065214 -0.03345635962891513 0.049856109257161614 0.038160124287553165 0.05583496054902532 -0.07621374947966114 0.022818645245039716 -0.026793172146429938 -0.10428907799961593 0.007475153785778746 0.05818004775002851 -0.08280420888331919 -0.05393003271704769 -0.14769754537138927
0 19 0.0658070425333544 0.048837566696311396 -0.05640783686578147 0.029111542172600875 -0.006438147172698789 -0.0353582644291912 -0.01207917713038366 0.05245152818364205 -0.07146365451975283 -0.06717020570459416 -0.020717741290108616 -0.06859015742908532 0.07187968913175989 -0.03886623937996518 -0.01020432342212492 0.07091107238552945 -0.007368024947792208 0.007210001196509689 0.039301657771953304 0.05899321597030134 0.011963250779735942 -0.01804660106434675 0.0014159130310559597 0.05206404487817655 -0.09269791420983199
0 20 141.40235830148112 227.5854424420692 -155.01844697798407 -210.25113347598972 -146.64115088497985 -109.79985438249265 129.33715848695255 -124.74707358448354 -168.54779178551826 -188.45619782840626 -180.1607688608267 -149.56164388659306 -89.00311132363434 -149.28936347494763 -59.13929433246934 -161.14767349207457 -129.38413253512 -5.326198294306085 -120.1415201932849 203.7940477129008 208.67366602568316 -153.4041600508839 -138.24201218476824 -184.91933069193945 227.9338135321138
0 21 7.164118705622313 11.446832200978003 -7.826215814138314 -10.53849953023482 -7.432257354168783 -5.473561308526391 6.4982318382335835 -6.330873266379616 -8.43343877587567 -9.4293517858624 -8.996859708537826 -7.44640365141765 -4.58438085541516 -7.565769660634936 -2.962947224765761 -8.064732813710856 -6.533290034600632 -0.28873886212234284 -5.963807539296632 10.24433689592194 10.552639904758578 -7.6172905477527655 -7.01177555974317 -9.350002442010945 11.604212137385776
0 22 11.885145810450009 19.235065265945614 -12.964635230082283 -17.685591697069345 -12.415871904577394 -9.320371855155228 11.046342604023634 -10.497358192586635 -14.074265047110355 -15.790529775549754 -15.170667291910929 -12.612983863296517 -7.575940704851878 -12.637188496393286 -4.991144555354375 -13.574435409543264 -10.858668820465603 -0.548014721735375 -10.106250860529357 17.227912131490427 17.732300786139685 -12.982867958676765 -11.711736262836164 -15.519831277326075 19.313077242911536
0 23 5.805522040577782 9.369012288208605 -6.434591103723391 -8.636764650297648 -6.10671738093268 -4.558804607888295 5.381435306015675 -5.183247868169488 -6.973137852972167 -7.709230504352316 -7.436060660042813 -6.181849420737284 -3.757969865920498 -6.145195625877111 -2.545945862562165 -6.631721392817751 -5.41571515032394 -0.2882322020995336 -4.944095971022477 8.466033656195712 8.646845283248298 -6.378734022377673 -5.675656942204234 -7.682523466712453 9.515048842453389
0 24 166.4012866611713 267.676938698596 -182.18377988036838 -247.25053660546277 -172.44703428932664 -129.10150116107147 152.24243148499735 -146.54143516808355 -198.02501038010678 -221.6750268084663 -211.95769726243657 -175.80055453080044 -104.60135848935577 -175.5311818563589 -69.60127849332126 -189.32406064793557 -152.13097573502137 -6.250234150608934 -141.2784419724668 239.79497823379495 245.3439488761579 -180.24812372461503 -162.40122197411424 -217.4860453516778 268.39663760982285
0 25 75.44519733538054 121.52367496547423 -82.24401557986401 -111.76126126280761 -77.90640394745692 -58.4282669048881 69.05485617672538 -66.25111508457269 -89.48479443620154 -100.05142133150866 -95.82629192250063 -79.45442354823112 -47.33029215118769 -79.3280221790977 -31.62399575127946 -85.71714307032713 -68.78368596645743 -2.9471951863382597 -63.907720168643806 108.73688919450282 111.33055071039703 -81.51497929458563 -73.42220367989763 -98.25760089543205 121.7497224517603
0 26 3.2558037677544873 5.389348446474055 -3.5421411917824535 -4.85132552448559 -3.4199596540985895 -2.583262173156302 3.0343066894327415 -2.8625634470382018 -3.8949871342095994 -4.492153053767568 -4.277772405787876 -3.5929485865095687 -2.1859830341504036 -3.430971028296417 -1.5103190279713612 -3.785903747501588 -2.965775904433831 -0.12216750486799156 -2.883255422110966 4.766138999477339 5.0049515155232775 -3.5918485542656207 -3.205880293670613 -4.250623666960009 5.296400047284332
0 27 5.278599015309868 8.584544353608772 -5.919114685343614 -7.920131422053485 -5.589891230608991 -4.063278777099136 4.842691036841264 -4.778915562753174 -6.2399972657518346 -7.103071001905127 -6.870954292568716 -5.70270504244613 -3.43853803618633 -5.6671929437010355 -2.317533308861166 -5.989522290000011 -4.913663983007505 -0.2558898646904465 -4.439063282167332 7.801864797750425 7.85424063647258 -5.731547168326024 -5.203490089684346 -6.885410685676086 8.583257338957273
0 28 2.705777161631929 4.213585736929769 -2.924563673556893 -3.888185630750272 -2.7534041349351535 -2.1549441597630556 2.511344453777796 -2.338349287670829 -3.1532200349966812 -3.544581361738955 -3.298037014044807 -2.7590538990009463 -1.662713576464575 -2.74753810619621 -1.13777502493585 -3.091485110267609 -2.4173209393580386 -0.12188502097549855 -2.215428420469882 3.8307711806541973 3.9598965283758103 -2.889085442810254 -2.5000815285510676 -3.4586405262689204 4.229037453576888
0 29 87.50529021806416 140.99450609121368 -95.46720578380304 -129.6918854555283 -90.48465283723007 -67.76854690539358 80.04853476922996 -76.95070044505242 -103.88909543143563 -116.27015917618841 -111.13021525000381 -92.14953593985939 -54.83661812319989 -92.03592229150689 -36.70476031900691 -99.39217936484397 -79.76606080137238 -3.5063652820282063 -74.11947620637228 126.26782148530647 129.35062483181403 -94.59206921594313 -85.3234795476442 -113.95464501969909 141.30288448888658
0 30 82.4134401403997 132.47931334783138 -90.2511163422498 -122.39259626031166 -85.36817923939074 -63.88642245997806 75.35806318303372 -72.47071552533534 -97.9849235308442 -109.74431232171455 -104.95145110510455 -87.02854788792658 -51.768313178244554 -86.83384435331617 -34.46861358321095 -93.77916056863934 -75.3376547083563 -3.1930690040697445 -69.99644971822804 118.75711210133667 121.43971655635981 -89.33585085606065 -80.3571855896444 -107.51059552875653 132.76004847073048
0 31 4.864320348457383 7.765771914535093 -5.312096227481442 -7.011086665563325 -4.920743186642292 -3.6345953618473152 4.471015787824414 -4.2276092960315275 -5.736692592550671 -6.425835338633158 -6.06379079971976 -5.01494100062711 -3.0171220868285142 -5.031637279400429 -2.0197565047715638 -5.41895076353106 -4.432781560665501 -0.18186438658096912 -4.101231755583801 6.990054271326018 7.0850088388751065 -5.098580988781813 -4.65242066757935 -6.257376583847594 7.802344415156288
0 32 5.322355750088222 8.463580968044381 -5.7114053909739 -7.8335821676320485 -5.3761547577601085 -4.125562786253237 4.768562127779259 -4.617243531023297 -6.20492494872777 -6.935150774624092 -6.693948695068203 -5.480556171417531 -3.3230115549968353 -5.485922568612941 -2.2739213019065225 -6.043289821649624 -4.856439336360527 -0.2073275066352229 -4.49040555961163 7.510938064778699 7.785882960750592 -5.754631912498643 -5.109364816556407 -6.904650462490796 8.515180720000666
0 33 3.611515697950987 5.724778954088935 -3.931529666582541 -5.197650553237973 -3.6540195446851147 -2.6411503523121196 3.2890957107417558 -3.063761383311906 -4.238243264051214 -4.600548766061309 -4.521176529600164 -3.6827896412419725 -2.223630088377949 -3.662182499705171 -1.4559243177532428 -4.034134536802689 -3.198796049481056 -0.09259691357217609 -2.897128020077787 5.129410705502586 5.219403458126761 -3.7232345995918212 -3.511559597346942 -4.629410880680963 5.624571177355145
0 34 94.92661085967545 152.78328282576032 -104.00083023164738 -141.1363317466824 -98.4288742329129 -73.74697181787174 86.97211308610679 -83.67900719985099 -113.07207364227276 -126.39569620524728 -120.906687087185 -100.28200023157952 -59.64598554249221 -100.12393037053096 -39.825124041372085 -108.072906659001 -86.90669867537942 -3.6794068080966205 -80.67073861235829 136.8526205985018 139.94438121047443 -102.88116386606858 -92.68794797163734 -124.10249656456118 153.1266299349324
0 35 81.73397123357542 131.8081758110416 -89.44368793385934 -121.21810995027401 -84.58611584115899 -63.28000727736787 74.93770036098412 -72.04668901696871 -97.23254745939462 -108.75875268393597 -104.0472295377657 -86.20446026551119 -51.434190971868254 -86.17349133533354 -34.24776353856663 -93.0574459019901 -74.64257248587124 -3.033056911660828 -69.46467442919537 118.03883042652588 120.73116195885663 -88.52420735667893 -79.79948961908553 -106.78823655700926 132.0342523424526
0 36 4.168594111656967 6.477081108331131 -4.44284562918104 -5.955145906957175 -4.234357671190293 -3.1287085779147863 3.670882370237232 -3.6132356028487522 -4.782812218953002 -5.393374127904409 -5.122581608621624 -4.287902282791984 -2.4920489828794357 -4.235782324284699 -1.7861891653397552 -4.58319887093738 -3.79244241929874 -0.09398098045229328 -3.393515284141765 5.798450120324761 5.9929351311398795 -4.329987016857645 -3.9709506474081633 -5.225620657786742 6.565337641124425
0 37 5.576234572813769 8.75294552457822 -5.896430626957079 -8.074847828064026 -5.667611869031057 -4.207067416489568 5.074415121618608 -4.877754357572653 -6.528843180502677 -7.21455424971384 -6.87715135971415 -5.826434250869186 -3.503632866844913 -5.794897069077613 -2.3043156058303342 -6.305423334034773 -4.911579587020235 -0.2374310816778395 -4.733916019496594 7.953774558549714 8.107965872038903 -5.838605543240746 -5.273677750457662 -7.183717501977823 8.766596061308888
0 38 3.225380938955192 5.067978871009757 -3.4607380089092192 -4.574990851000985 -3.300994731216377 -2.3249641457404326 2.9276319230222776 -2.7372133137771604 -3.726154234613119 -4.10444360948316 -3.9810533079322914 -3.2666933937429166 -1.9653845090578754 -3.290112667323194 -1.3608076370146702 -3.4544511480918083 -2.8437692445031963 -0.1892020149957722 -2.660627957580166 4.429300425504365 4.609305751740866 -3.3565701109935633 -3.1426482631582076 -4.038458028024138 5.06241747922243
0 39 94.5068627135907 152.27541441208348 -103.27419354801776 -140.06688696309647 -97.78596193599539 -73.26347709276969 86.4649118654768 -83.15237616593012 -112.34925001252273 -125.53606783533273 -120.02272315835607 -99.75459272434095 -59.2527276453759 -99.52126038839398 -39.52646203401078 -107.30330969956013 -86.19844058045108 -3.650116641198772 -80.13538069042635 136.32775692413588 139.5012638630851 -102.19599740388112 -92.09268800046272 -123.16647277693613 152.60792898380672
0 40 -362.22913088962207 -592.301029565803 378.756937349631 511.72466588865643 358.79862394416796 269.40180848040745 -329.256682850349 305.20946949064967 411.70179424261573 460.01513163591414 440.03311538846856 365.91322224354917 219.42234376830984 364.88920726167913 148.67633112764378 394.0625205291871 316.852289063265 17.70242922814026 295.1451276332775 -526.4503223829985 -543.4058419371722 374.96620187840796 338.18214248067375 452.0548780180276 -593.7477406321568
0 41 1.9074694136763688 3.073999987498027 -2.0501295871822864 -2.802514633970275 -2.040878889911602 -1.5628848534687905 1.7172178949993073 -1.722107911495403 -2.229050394608056 -2.543729895690818 -2.458738836602758 -2.1408121565330567 -1.2054200895378961 -2.048980270447534 -0.8909896823628701 -2.2488676250313393 -1.7100809429202266 -0.14537492076568023 -1.640819116536782 2.8139697331590043 2.893026647190388 -2.16468159740939 -1.9358237415611634 -2.5091606122517285 3.095236246878615
0 42 -15.725502036919952 -25.820348513986204 13.560507241072889 18.207994429702698 12.835411461750732 9.727594580513967 -14.222598768729487 10.853787914581797 14.711184190534826 16.290957379540764 15.618709761526352 12.914935691769667 7.948526641006786 12.924032248645004 5.440817248339017 14.019570457249717 11.124433903672404 0.46754745902362 10.436114639324078 -22.91922808383223 -23.61297935463902 13.208222704256983 12.021331358110318 16.083896892759363 -25.941989139494805
0 43 0.17273828509458794 0.42581248832557794 -0.2598831575520777 -0.39669782588170543 -0.22391416400383346 -0.10495954232880107 0.17954567967837695 -0.23591436477859296 -0.3537555480666152 -0.287201565474367 -0.25931687929337416 -0.16777128919664167 -0.08746957453524505 -0.19277922211099144 -0.1672213588667255 -0.1627016073188413 -0.2859511413723204 -0.09700620417382924 -0.21156458879647433 0.40871588010616333 0.38399430168007004 -0.23471544465385893 -0.2924612481604223 -0.19963158787186389 0.42148237586267073
0 44 -416.62453079800986 -682.115723375026 427.52519931684697 577.912034731651 405.09208356091375 304.46723567189383 -379.04878111729386 344.5640411098765 464.7948078772664 519.3530859779186 496.897343687934 412.80837790365933 247.75872191039628 411.63304727932706 167.88968309858276 444.56189162512095 357.4742880829375 19.010169168751393 332.96093144248755 -606.3243176183627 -625.7603117237409 423.0697381751896 381.768708428801 510.05742460858437 -683.92049085545
0 45 0.37641577200370246 0.38633999328273966 -0.30337457379319854 -0.37832453353529416 -0.37611891130420533 -0.17085459397002148 0.2915668980648555 -0.21346885254659798 -0.2735118879435684 -0.37082377652853576 -0.41157467342010956 -0.377663943616941 -0.18376890258668377 -0.33749470339955656 -0.16915032678666947 -0.34452326140667827 -0.22968514496121292 0.01933908555618056 -0.24827518410259722 0.44034504731021507 0.4174078772960627 -0.3837869883408659 -0.23084124954021007 -0.4251253050459278 0.4500181500688851
0 46 1.2887922164361283 1.9608484182773256 -1.3517802441945477 -1.8347546938747017 -1.3423889177247494 -0.9478043779987372 1.0902762445414989 -1.0153370106241617 -1.5040870405710212 -1.6575868210173264 -1.571490592954216 -1.3758927460589025 -0.7177891308501791 -1.2567061488478442 -0.5652341143463407 -1.4303791682508402 -1.0659266075741267 -0.13670878577879975 -1.0393816512047462 1.8509597636944384 1.7955505776910505 -1.2951191777305426 -1.316438212092812 -1.5757948946182476 1.9658017845948694
0 47 2.024751622703985 3.313116992173749 -2.2565143273296173 -3.0072304947330477 -2.0496868405132234 -1.614965760455367 1.853171027342646 -1.800525556147081 -2.5253607004913694 -2.6431734360015775 -2.6616892217722543 -2.1106577658184587 -1.277972287854099 -2.186893651286485 -0.8419997375846757 -2.395585375101528 -1.8627386938558814 -0.0885052744951679 -1.8296484278116247 3.0313215667650226 3.0315262655104456 -2.2927056822900447 -1.9888021556400788 -2.6389215407313906 3.263797775505358
0 48 0.7254052044020078 1.3077164718710605 -0.9075820172598872 -1.0669455534169803 -0.789215493341834 -0.6290269028133284 0.7739398906562994 -0.7320451185329422 -0.8024221880297919 -0.959787459005052 -1.0059461910142249 -0.768273321695811 -0.3957467725132356 -0.8230381543958883 -0.2490274685674674 -0.7695378579464345 -0.7583084605712198 -0.11079898222075624 -0.648865861438484 1.1346919677581073 1.1898805045764431 -0.7730309827608252 -0.6701772545969527 -0.9924641844366636 1.286030814811164
0 49 0.43103046446268467 0.6920672224059145 -0.48927710861821605 -0.47728998271607087 -0.3090566020084644 -0.3311523776289183 0.43524170096676795 -0.3660604976861966 -0.36459219298966583 -0.47215624497630354 -0.5327963371762338 -0.3424412865801952 -0.26541537951688343 -0.39583025821114365 -0.23704830142191466 -0.4512118094725913 -0.3005845390387401 -0.013069823147121018 -0.32064499041454914 0.6406895855032415 0.4652875730836725 -0.428435369131897 -0.39651150565996457 -0.5277667827669168 0.6641826431163761
0 50 0.11527137493430914 0.17343773705187335 -0.15642052679744262 -0.11095414840604458 -0.21134865227090263 -0.1826844443819801 0.0933144343813475 -0.1900130699593962 -0.1683981388859867 -0.2544376453298431 -0.247654674923213 -0.07569829912262985 -0.0632141134658179 -0.06025188605685432 0.04228874441772757 -0.2056678686516877 -0.0986260278200023 -0.024914077422819005 -0.12286825716764857 0.10905322648430048 0.24158477244885626 -0.05881169828207922 -0.0607216645371642 -0.2582123155531677 0.24192207869423313
0 51 0.6979986429823265 1.0589347241899287 -0.6114159643748355 -0.9924942702330326 -0.5676728032220074 -0.5524419589562443 0.4967530678728547 -0.44875708655559177 -0.7195137676899664 -0.8285833973016443 -0.8095750275380863 -0.7143644486852798 -0.37403841717597536 -0.7397717026707136 -0.32249900521395425 -0.610230426393566 -0.654364414451712 -0.10659189799267295 -0.5601241150418503 0.8537565059467794 0.8975064157847595 -0.7043659651429047 -0.6885424129649923 -0.7254189436837274 1.076652292264018
0 52 0.9492759951340785 1.6060169238435829 -1.1006862502387702 -1.405367763036791 -1.005303952795526 -0.7252877372995681 0.9611082996089068 -0.7952928305262227 -1.1161007477979124 -1.2981532829899027 -1.1677925236154538 -1.0377725063238594 -0.5370198874493952 -1.069810225353528 -0.43557366004416326 -1.1960048669721837 -0.8080207466618662 0.04163164865652815 -0.8203513203005176 1.4888630391368756 1.3943072308794688 -1.1190974639305016 -0.9438777621863645 -1.2459473765085927 1.525561914494506
0 53 0.3633491268983301 0.6411237888973098 -0.385905926315602 -0.5131539470510513 -0.3271364269718749 -0.2636807413132964 0.29496554201995384 -0.30376821143899535 -0.3925969612632497 -0.4798156890747159 -0.45933136210816267 -0.45174732792507655 -0.3355005820420735 -0.5040948506413927 -0.13984888326386058 -0.3575708019962108 -0.37428092978273325 0.07734883739613757 -0.2547711316276014 0.6543186244456016 0.6777284805122505 -0.42750080663210693 -0.427669820299274 -0.535243606763051 0.6022504157351405
0 54 0.13607649497004254 0.32679569704250055 -0.2865760175730344 -0.19004874673938324 -0.11420542085022421 -0.21608955608217262 0.11566612899809926 -0.10884715317563252 -0.2876493450348462 -0.3444712044556548 -0.19672812294347822 -0.18980364259266594 -0.1467504456098705 -0.1455917722216908 -0.14618752087929945 -0.24846801095908475 -0.1464874519186233 -0.054010063547424325 -0.2574366897359354 0.22484516092457082 0.37379022459638594 -0.19916142225777142 -0.1780962274509157 -0.2828867401643978 0.39975687460343917
0 55 0.24896473663936042 0.3259376826183532 -0.20310616421529112 -0.2160944239917389 -0.22407580385077847 -0.19961253737628118 0.23928660194816015 -0.1581658154557632 -0.17612616957880098 -0.23926391201175737 -0.20552446852465525 -0.13865561535986404 -0.0987708948415909 -0.1798536932227741 -0.15193828071409904 -0.08929249568770878 -0.18458878729963554 0.030367979738102964 -0.1920402771264846 0.23625967732056335 0.2691782412576566 -0.16623936876164058 -0.19048626966174595 -0.13666894955126505 0.1823010168557662
0 56 0.8126239672987136 1.3715919254647837 -0.9400474226311538 -1.3574394988789118 -0.868441699168208 -0.7673415177200077 0.7531751321894496 -0.6982805238380723 -1.061321035838764 -1.2438943269001843 -1.210567091646989 -0.910645030275294 -0.45792584337904385 -0.9404064107376393 -0.4227124767122215 -1.0178304042441726 -0.7138510094164982 0.05459400650362963 -0.7199471732561848 1.2194144870415475 1.28389023377122 -0.9784467804918228 -0.7726841921870281 -1.1255193420817693 1.4351562040977326
0 57 0.9595128023194268 1.5950009481686056 -1.1098845659191108 -1.5923221381821058 -1.161178829436089 -0.8945125951916306 0.9806427917133663 -0.8983051938202922 -1.1438230544505903 -1.4395563794730624 -1.4087024062154965 -1.1238936930666956 -0.602848037539888 -1.126465673082388 -0.41488816684359686 -1.1045915077533741 -0.9009760160454966 0.04195068623533639 -0.7848226582567795 1.4313923040927115 1.4894478046028077 -1.1389801073616692 -1.019700042428827 -1.2705438919879988 1.6163832492364507
0 58 0.5098180872182473 0.7112679686970449 -0.6056756810071409 -0.7053853982901103 -0.5297538973091236 -0.4348039035687506 0.4675968489316506 -0.43898901249665195 -0.5457309841474717 -0.7383193872588785 -0.5648355364792008 -0.4913056574506583 -0.34528076165839733 -0.6068250087316487 -0.17069466931960728 -0.5745524015541188 -0.4882520506424299 -0.09623589052621179 -0.3941386340079828 0.7372767600629281 0.8037312659779174 -0.503884114400895 -0.4970267993211117 -0.6539504021148879 0.8638808044662847
0 59 0.14600881976222593 0.4040622873942311 -0.34112070062899796 -0.275333185116877 -0.28870911123180804 -0.104212327920697 0.30362526002789175 -0.139921498156718 -0.32836451791693716 -0.1958313699706484 -0.21312738057464814 -0.169284336277917 -0.23320460728688955 -0.2579698653042342 -0.10679076096667903 -0.20327367581773315 -0.25332831135451267 0.03277149804306891 -0.2213456552939625 0.34107047559791953 0.346658904210916 -0.3177670390873489 -0.23775413669303408 -0.23735854862450564 0.4271245623472704
0 60 0.06100634054582747 0.24250564813995074 -0.08484026988301957 -0.18545683730826912 -0.11058395528058135 -0.2044683172524569 0.1288840814156744 -0.14070074317565226 -0.24215292529501997 -0.19711767106642383 -0.2521770456360792 -0.16905457732090637 -0.14583087111570214 -0.18597358635358524 -0.08168461340076229 -0.19303911438343957 -0.13951124246561233 -0.03657809335732063 -0.02705050844246503 0.11889337471878954 0.21844706229617775 -0.0853381521864963 -0.06593464996058862 -0.1715093291815458 0.16268496696165446
0 61 0.749419574713958 1.1055625511194698 -0.7336433744258826 -1.123055489569067 -0.8630720700177383 -0.6126336945505804 0.6252427446155046 -0.6311256564913104 -0.952572715297637 -0.8912924095850652 -1.0110200026604323 -0.767187634243599 -0.44707410410117215 -0.7911181076537199 -0.2569466080504475 -0.7582499497174549 -0.7619799190006481 0.022025485989516928 -0.6023739371737088 1.1772298387964921 1.01831873279852 -0.8831002049474279 -0.7030540240175435 -1.071341703252381 1.1287774264831825
0 62 1.0037108994733601 1.5707457916562406 -1.2054627487638057 -1.4564388013501595 -1.086199573088298 -0.8896012363864154 0.9970458723585129 -0.9572895771446097 -1.1686624500421754 -1.276461034796636 -1.2935034178007492 -1.089824181566733 -0.6692828159300085 -1.061688427973588 -0.5073863249853204 -1.10180955858565 -0.9112262969979077 -0.01854374797113758 -0.9493194968009766 1.4142595142039902 1.610077429842993 -1.0149458220955005 -1.0647994949378399 -1.3854477977487256 1.5871931358947082
0 63 0.4223616408555938 0.791883773020968 -0.5102691314796067 -0.676042537326618 -0.45472822015532044 -0.2980594134548849 0.4232791449850994 -0.41139047457045547 -0.49041484617855435 -0.5536272542817946 -0.5342482841619991 -0.39455714988627333 -0.2092301259316549 -0.5362635756642491 -0.1297295049093914 -0.5809794100877811 -0.504459362872802 0.058708984131390606 -0.421173762509464 0.73467202307501 0.6394952539395593 -0.569533039795451 -0.4710533392189795 -0.6426460624986083 0.7916677196151801
0 64 0.219475098016523 0.3050010443929831 -0.21490647567830565 -0.26449995778973373 -0.17303073966931592 -0.22271263749906253 0.188121853568083 -0.2335400364210079 -0.23452751757971774 -0.3335975116799794 -0.2665569811134485 -0.17361223098785414 -0.20072458177097227 -0.25890965499674923 -0.07509833663742826 -0.17734713069821262 -0.291796322889102 0.016841586991261447 -0.1422331714844994 0.3443929050764557 0.3864171602881696 -0.2858618305387098 -0.17768821494513612 -0.34249527336819696 0.3814638976966788
0 65 0.05356152118036491 -0.02647990436815594 0.09227928008797534 -0.020964868831087693 -0.06386550751023053 0.007731966001835453 0.02666642317415365 0.06598707131767448 -0.028901828042579097 -0.03329487671318355 -0.09370738340069652 -0.08928672015176646 0.05526523041885466 0.029831844077209197 -0.045434984770329 -0.07681197044694678 -0.021479770714230576 -0.06768947098268999 0.06344085342751613 -0.026368844105013695 0.008878861148014519 -0.015390807215645227 -0.059102903245422535 0.0875763408128522 0.04778147611565031
0 66 0.06495316605778792 0.12465017068427345 -0.0666166519968599 -0.10991155002430557 -0.046020513541714124 -0.04321985101670018 -0.0657490385260252 -0.0029615191745009516 -0.07521210774048706 -0.0711409422471528 -0.0071095326172144 0.03248900712419984 -0.009652447432923048 -0.0506850027397291 -0.07654837283563928 -0.0799450320002669 -0.11359741864373629 -0.07733380679643398 0.010567285243740116 -0.008465958414786418 0.13119286369465885 -0.06297234607909359 -0.0465148307784732 0.03527861857610291 0.04970208432531478
0 67 0.02698077415097528 -0.013775046874673695 -0.05302396232468614 -0.04156815294350743 0.008394650416636349 0.0063206478970251525 -0.057999825530458037 -0.07322082292075016 -0.02695118924166335 -0.02992081325997376 -0.09905899183928328 0.03058138933499135 -0.001069998561290001 -0.1023221011425548 -0.09216955651425439 -0.041984132314645733 -0.0316888971512243 -0.0020323134889586075 0.09453398940939932 -0.08831629162721873 -0.08192222575435006 0.026213260483938877 -0.05992885706559012 0.092142448472883 -0.056956320454653174
0 68 -0.042002681689213936 -0.0493671104057098 0.0741316681346085 -0.08289560603883499 -0.01871934807494928 -0.08211273911149715 -0.07118760656474517 -0.042182913416020575 -0.057589081782169094 -0.012622564904035152 0.004688137597736305 0.09113386208215032 0.09142466067345008 0.008725439935510603 0.06388059022647974 0.05815191387927922 0.07158402968003418 -0.09343067007737918 0.016429663991361528 -0.00415137601113706 0.06972892996107133 0.0016738400288171056 0.0926982496652393 -0.005111731174475632 -0.008720723831899166
0 69 -0.03009430111993606 -0.08682382668561356 -0.054439231728206694 0.08468825036712813 -0.05985001582592451 0.07352887538054226 0.08383042432463908 0.01623557054893659 -0.06299888427227321 0.011304007962058226 0.05339567280767613 -0.04052041755757204 -0.04354438816165292 0.08822180807142074 0.08278993857643906 -0.02738580258167585 0.06563648906440768 -0.029407127289793025 0.06663664194294781 0.06538045182470766 -0.043601593825737264 -0.08479944833729852 0.07195168584048924 0.05474414145943702 -0.06953901294424578
0 70 536.9391708823476 863.8322093462664 -589.2189061371005 -799.6608405403309 -557.8898422709094 -417.4192671506607 491.45989354820915 -474.16621288906845 -640.6035260586574 -716.7059418220975 -685.2932107148146 -568.7043387936703 -338.2498911659868 -567.9989802746126 -225.4824433575939 -612.7737249996277 -492.0706359996697 -20.227429985716707 -457.22113080605556 774.1205235375114 791.7029449744335 -583.4175602048496 -525.649563738773 -703.2985632392545 865.6377838017996
0 71 59.44611293830353 95.87667110849577 -65.09044631169888 -88.07065343503105 -61.559945519703206 -46.06942387864785 54.42813710737967 -52.43406151593405 -70.56541778530817 -79.03186011979514 -75.49047581103405 -62.640851602173385 -37.38210294662967 -62.68066879776561 -25.164839776590156 -67.48820323121997 -54.38663477188778 -2.5969431353142096 -50.448048383637484 85.88899092063372 87.86747405666274 -64.38660742223621 -58.03180366038943 -77.44469240093896 96.10636616372857
0 72 86.56801356203638 139.39279395629782 -94.42116703761144 -128.1669352749804 -89.36983293420849 -66.95800045506813 79.2260693557819 -75.94095045717754 -102.71400662991897 -114.89695738366298 -109.71564240086148 -91.14790460713975 -54.185850758908416 -90.93281839375743 -36.259130455614695 -98.11943704412678 -78.7916095760776 -3.4738427767953666 -73.26139512844291 124.83835713421806 127.75605497533023 -93.53419760334077 -84.21016399295797 -112.65653939450034 139.55432181306833
0 73 48.50411117025096 78.15378115671692 -52.959669297118 -71.70102784180303 -50.122576249821435 -37.578250847551715 44.44895793109192 -42.53661718239553 -57.47862427838016 -64.34273466306489 -61.42946368955893 -51.12976601904677 -30.43967426961683 -50.94170861585734 -20.25546385323312 -55.00608546965377 -44.10694005754405 -1.809330150937917 -41.027636324032244 69.97484529304644 71.56909911957852 -52.28000835482852 -47.196612161766325 -63.16739422253313 78.35879669106619
0 74 629.1796627589897 1012.5141489301217 -690.2368632373013 -936.433213140983 -653.4574639684519 -489.08282519341896 575.9544378488201 -555.4334135273826 -750.4614522354977 -839.3554018242594 -802.6552675288206 -666.0631284454006 -396.247174576812 -665.1170161116748 -264.2027319473464 -717.6044250811134 -576.4067230128367 -24.12883740473757 -535.6176715931948 907.1907952925715 928.0978369694757 -683.3083337744409 -615.5242912959438 -823.6489209057223 1014.6351309596604
0 75 264.245205486991 425.80084093910574 -288.79693093287773 -391.5970979200462 -273.3716988479986 -204.75448206972706 241.75517846810706 -232.36655901299352 -313.90153291595016 -351.15631112576887 -335.793626412449 -278.7877448001192 -165.97866729399254 -278.30789169740814 -110.79583505560637 -300.18531141066376 -241.17240292237238 -10.22389989446784 -224.18538706705746 381.1797419646449 390.38782074743017 -285.9257189952825 -257.63626463985787 -344.58045336641953 426.7478096350038
0 76 27.162312677346694 43.82122047246745 -29.876866729869466 -40.38865331557533 -28.146837932205532 -21.16363888817642 25.027505354596638 -24.08422847171509 -32.38381233139995 -36.20963874093566 -34.51613955268805 -28.772314754926544 -17.316919992637732 -28.673682626870793 -11.508153469119568 -31.061104567501555 -25.005571040032287 -1.3290176937604519 -23.088044096542006 39.21392996898115 40.21329904959033 -29.48329064344828 -26.66792507056201 -35.54119188413965 43.869151968295974
0 77 36.242653103596325 58.121559862869354 -39.44818612419625 -53.496186725829624 -37.295397755952976 -27.843714743354113 33.17035567378527 -31.65876170981437 -42.72878332584219 -47.84413229808098 -45.766043191407284 -37.954382164993405 -22.606450225348564 -37.89456186827235 -15.063399467564052 -41.0351394059587 -32.95090967361021 -1.3514982465174603 -30.547453138487803 52.184233366392085 53.32678691359101 -38.97816253897684 -35.07737003670973 -47.07670087756023 58.415149126271544
0 78 21.982603369348713 35.30528582401411 -23.727708991032916 -32.204910412524185 -22.477644588859103 -16.88761721255783 19.975755889717217 -19.08065711338307 -26.00147575806896 -29.022785799327874 -27.685433337412263 -22.90987685482343 -13.764772007938522 -22.974704459613083 -9.095804202943796 -24.748166663690753 -19.83030940778496 -0.8288688696375289 -18.458798991138003 31.562985993315046 32.22304815701294 -23.64245824013549 -21.173630599200674 -28.43109696087781 35.357098794850074
0 79 306.81177811277786 494.05625941483487 -335.1517308855664 -454.32237936863083 -317.33058923090266 -237.62025233966617 280.81442701292417 -269.6534035682271 -364.34694477616415 -407.28509330309123 -389.58610944108017 -323.3876901021816 -192.71231466458158 -323.0194081903589 -128.5855641792993 -348.5255497223791 -279.8860509855993 -12.084450924658828 -260.24077117422155 442.4843920092488 453.0802484908216 -331.74772460460616 -299.0158491993317 -399.9085555548711 495.32014606737476
0 80 366.6001205703365 589.5558349277715 -401.86145229314593 -544.9854806108729 -380.42972968130016 -284.6874823757496 335.49674670092 -323.3801469550929 -436.88071389167203 -488.5183082365006 -467.144149964128 -387.7273747247061 -230.8230116480484 -387.2254642940862 -153.89609828500176 -417.7684519536288 -335.55214124465203 -14.15982341266306 -311.78241211243125 528.361232871197 540.3691207201429 -397.8181342107631 -358.45315667851395 -479.3775866157676 590.6806401410774
0 81 42.56155173481491 68.57594947405039 -46.582708611580586 -63.03213148544942 -44.00962714753139 -33.07198134930307 39.00712188611169 -37.49334905175027 -50.62544472583503 -56.56910228177792 -54.152071032759636 -44.95944730510933 -26.841142838929613 -44.94562312902328 -18.031416504074347 -48.41335727855548 -38.99813747698422 -1.9397479497207664 -36.21498599229896 61.42824733929557 62.85782162761614 -46.088222911025646 -41.51311279709969 -55.42906831590675 68.7959642093583
0 82 44.69922972393008 71.8954860092998 -49.135014310580885 -66.64169568746313 -46.52289880538025 -34.72393197524562 40.79755768456656 -39.45361996154445 -53.380914569678254 -59.69369406034755 -57.14950935400148 -47.301883761619465 -28.254354650798444 -47.324934751486616 -18.907396992555846 -51.055479072718946 -40.93277871863441 -1.871725811867447 -38.11698601883888 64.27993227490529 65.76967275819102 -48.68965490258591 -43.746671811199974 -58.60975816310231 72.09868853637943
0 83 32.107348000701165 51.742306395207585 -35.03186336547134 -47.52039204541389 -33.12336005544824 -24.809508399024324 29.4167037857231 -28.154993175347773 -38.17151083619051 -42.627084977647286 -40.68525090417521 -33.89392811972846 -20.26716225267123 -33.6845587413672 -13.557822758652657 -36.42047933173016 -29.310169041121384 -1.3730400141590386 -27.225183097677906 46.308000184339114 47.36549628235667 -34.66492774273215 -31.26199054201555 -41.85174522224681 51.74241220443572
0 84 424.7408501817618 683.3671919301097 -465.5495935774639 -631.68296924536 -440.829768865149 -330.1730258903017 388.8444442763538 -374.70389677956643 -506.12202087862295 -566.2292797939998 -541.3602391008869 -449.3579866307032 -267.5444039951722 -448.8508328604726 -178.4458000624293 -484.1041149729959 -388.98364201785085 -16.772890052160008 -361.53517437839736 612.3642121495672 626.3707548718247 -461.0063768966696 -415.2801219190359 -555.6762825741529 684.7363846977694
0 85 322.78800073185704 519.5838029768536 -352.94538332959434 -478.8962366091324 -334.15327079883684 -250.19015920271164 295.4304290966611 -284.0592988600455 -383.75855576023423 -429.35231375433744 -410.4354388482725 -340.7426601385965 -202.73118171064277 -340.20316039444333 -135.30721981554453 -366.99217033406165 -294.86222005564196 -12.364300635401209 -274.0292376233787 465.36062575387433 476.3291024277767 -349.54898411773206 -314.97844546489955 -421.21872744558596 520.6812829381261
0 86 34.7515763895216 56.06190216383822 -38.14958075731538 -51.554232157937605 -36.03247474142588 -27.0088627883016 31.866923378494697 -30.764483341355827 -41.38709287145739 -46.3105702257996 -44.2906160532388 -36.71116590463645 -22.075438070628255 -36.74926994618528 -14.842850275757879 -39.585804875391425 -31.923732198029775 -1.5890748100061578 -29.71102813693119 50.236968051766645 51.4285074603415 -37.695490600313896 -34.00260796705186 -45.2906847354067 56.285472611837804
0 87 41.22454634223975 66.25265468719005 -44.915237548901686 -61.0696383397112 -42.65966518553998 -31.854222852649084 37.63997587258761 -36.270601831320676 -49.00111994746933 -54.7189821831183 -52.432442106519964 -43.49153667282507 -25.78995766793418 -43.35716962428344 -17.252932247685607 -46.82886546603977 -37.59086613370503 -1.6007169431500652 -34.875280800037686 59.27308364802265 60.75540521143768 -44.51813164305473 -40.08576722060942 -53.787396481564286 66.43340727489344
0 88 26.955119547682322 43.550109829124665 -29.4565529691433 -39.84894938396223 -27.78698352876118 -20.873862088814345 24.6805873639892 -23.69736137184857 -32.060152930284424 -35.73108029407664 -34.247307017449955 -28.474140871983273 -16.87752083870146 -28.329500679312154 -11.279085245047554 -30.687854633819175 -24.619628038100007 -1.2321222183744884 -22.911150349786645 38.99802614600128 39.87725898562893 -29.192061026802673 -26.208509131894353 -35.15580985274432 43.659502714380736
0 89 373.63355296299676 601.4227909602608 -408.52330936264934 -554.0913620514001 -386.8073818590791 -289.6655771225856 341.97112404302084 -328.7297127957321 -444.1672106363654 -496.81281496838665 -475.07911954235476 -394.4062052029103 -234.79111649122575 -393.8978476334175 -156.68487397901015 -424.86796143319805 -341.276004346515 -14.526458264591366 -317.1076617280001 538.6852001258827 551.41878021272 -404.5888207707309 -364.492997282444 -487.5886757448299 602.6772488409015
0 90 -1991.090585191926 -3448.9679826469974 1531.8207515935937 2000.4015504704064 1455.922801137368 1130.8140117254306 -1795.2143995842218 1253.9663112054345 1646.7144421311075 1818.5816845752151 1747.474905654214 1479.9270097423027 953.5569086128415 1484.185275450241 695.8588771020934 1590.6672398604107 1305.146024801065 151.00619187733727 1221.8711409820728 -2969.3898000321065 -3213.8495836386455 1523.1555969628319 1373.6249939809175 1801.1255421980181 -3495.7586585494396
0 91 161.6509374738276 260.6450550166052 -176.13349513241147 -238.75269802493438 -166.65745108276192 -124.73115334674507 147.8129728050914 -141.6629410397376 -191.38744824207583 -214.0865143460511 -204.74787536565287 -169.81744586365468 -101.05808396417494 -170.00852168866967 -67.40824916783097 -183.20561838525734 -147.16213873277155 -6.408613740598708 -136.69908049332693 233.15576980282432 239.0479005267386 -174.84123203542427 -156.95707907935858 -210.0472395267263 261.17080775169956
0 92 -1062.5867866477415 -1752.7097076775829 887.4150797249974 1200.289864963613 842.0550106764714 636.11299900424 -970.9878379559012 715.8401176146355 963.9080902576834 1076.2396341634187 1030.3904569091017 855.4577203283246 518.2566722817619 850.2414112895563 350.45741628286794 918.0943568052146 738.5051502221875 24.05108597625271 690.7791902675964 -1557.5616280954553 -1608.5363443649996 873.1841109475196 793.094902150836 1051.9269227845293 -1759.053794895357
0 93 19.83588323965865 31.75360305630517 -21.6205705309588 -29.240877083063044 -20.449190527141685 -15.342033911833028 18.082337606561758 -17.368885212341134 -23.41992052797016 -26.32738491331509 -25.152977643955694 -20.789302039701845 -12.551914041635744 -20.96271394538236 -8.45079850086116 -22.48182223798417 -18.12947868129109 -1.0237542965641386 -16.904411677527033 28.469260161807032 29.006788078872543 -21.41452486565572 -19.22553215156716 -25.836861011411628 31.77323615226464
0 94 -2414.7787560175607 -4167.993294046125 1659.5658502722665 2171.0543052624985 1578.3745910018017 1227.6982672165466 -2180.977142944462 1358.0422326165726 1784.7960475802743 1971.8062129234147 1895.1378073456199 1601.9961905432833 1034.104469705945 1602.605704933897 753.4945931279141 1719.3010136936743 1408.8341493279956 147.2605996835749 1322.1564554303357 -3600.8754301637605 -3876.6554962008136 1644.374618890055 1489.0073741401131 1947.4394620255978 -4220.260214243146
0 95 2.0877176566057756 3.4149005340276672 -2.191506650689694 -2.984383069640377 -2.2034341677620564 -1.5196016960081633 1.8643919169545806 -1.7954202321960246 -2.429423339382872 -2.7467637899570914 -2.6987956942788363 -2.1502727409602445 -1.383017622615746 -2.2521829436015683 -0.9325415320270282 -2.3502019349320653 -1.8515014772223957 -0.039510100529340716 -1.7374079497971873 3.0514393816213303 3.1502247206943212 -2.277131950008031 -1.979085621599489 -2.6395386280914317 3.3701108460761384
0 96 1.5169697551029115 2.4018755909516227 -1.7066597353520563 -2.1378012347250657 -1.5043265512758057 -1.2267508446813231 1.435496170942734 -1.4104142326065918 -1.8541895314360453 -2.051558986636368 -1.9715086242560678 -1.5734926858889313 -0.9737552006811018 -1.568624518290735 -0.6085260478121175 -1.6430223876846168 -1.4094197576075762 -0.026497948666725443 -1.3504117943576306 2.259558470559192 2.2935064747681935 -1.5538141397193832 -1.5579853677562194 -1.9777142920303719 2.3646154284995204
0 97 4.4746787473307 7.20574598002782 -4.848374437829093 -6.731786769547837 -4.5748341770651395 -3.447295230850303 4.166474092574826 -3.872206023077012 -5.26910673744778 -5.881327365021397 -5.6323236476401455 -4.7136370640138425 -2.775244492842225 -4.666358516882864 -1.8178415991519936 -5.194093451078786 -4.198489149426156 -0.0963457629437719 -3.802774271850166 6.409808683644119 6.644070708152819 -4.942774070258455 -4.317482262483703 -5.846010289322066 7.347519926208284
0 98 2.512274530663599 3.9883870729294695 -2.673372088097192 -3.5987455045386945 -2.6028496219506008 -1.9399506237757418 2.3309734364368153 -2.0874287378199097 -2.9856674536815517 -3.2817320868644315 -3.237225048504382 -2.6590856090851376 -1.607657073684046 -2.5568639416621113 -1.0396667594651072 -2.756235818181715 -2.2983979116268767 -0.14243964128108857 -2.0637818423480287 3.5413098415261604 3.6333516307157714 -2.706580407942621 -2.5109445083639783 -3.268797450175633 4.0362122064399975
0 99 2.098242561916543 3.4542650961314703 -2.2513196341328436 -3.0333376074839795 -2.195123181758606 -1.6938788627987158 1.9286050874993437 -1.7427657488112422 -2.5359651425276404 -2.7212956122134395 -2.5731337349972305 -2.26312818763994 -1.373534398491427 -2.1492394177396297 -0.8384535554444303 -2.3028713661542715 -1.945720284606763 -0.0017282247551632076 -1.7507598521619319 3.0120270384219356 3.0116894886767662 -2.238773710777905 -1.9862307704392355 -2.778349881035775 3.4382478612041645
0 100 1.4506051893379435 2.529786364945467 -1.6933486746916988 -2.2360906386798476 -1.578325996144913 -1.1875213120472161 1.3258952276165807 -1.420761889408963 -1.841908814899397 -1.962863987662529 -1.946154180120395 -1.6061507722344155 -1.0233727599796694 -1.5017312003412397 -0.5911773588937536 -1.6978727049498623 -1.3659327665529857 -0.05523864408981745 -1.3759774094775128 2.1426966752365755 2.1859820669274415 -1.5546389310651942 -1.4650377555543228 -2.043312513431376 2.3736696188564967
0 101 1.8071165080072364 2.8738881108670515 -1.9465272295925722 -2.7606065882840283 -2.0044661325460726 -1.3294150923360502 1.6427653764013888 -1.6530627840447587 -2.1595840804952533 -2.3640517510083154 -2.34518806502633 -2.0320856221341215 -1.170995067708639 -2.0289849967271216 -0.6855090691297129 -2.008998322833443 -1.6249929043339546 -0.05115439196472932 -1.4645345630647486 2.7071765135443573 2.7788609520011955 -2.0327332524677817 -1.8641009265316713 -2.343655001213613 2.97761286192539
0 102 4.092940812511731 6.501989421290437 -4.3026291121960245 -5.938089147632738 -4.143676217669306 -3.1583186391212315 3.6573250133106687 -3.4623475016615943 -4.783875340388051 -5.367576227466203 -5.0517911181313515 -4.309574761432343 -2.581078111220926 -4.2025980074998985 -1.6607703151402928 -4.631139898784347 -3.664053401554361 -0.12984340849624085 -3.46288483816912 5.74352801637417 5.87269538634796 -4.421630335629011 -3.947835200607637 -5.1631049924769945 6.545221815716487
0 103 3.027225016442934 4.809656870277165 -3.155324371091047 -4.406905003514841 -3.0346848228135 -2.274796728122021 2.794814028964983 -2.553102032981581 -3.4918435964109555 -3.8561811581944347 -3.789231376474779 -3.059553597220193 -1.8459803291776946 -3.197325298981087 -1.1878485305097033 -3.3004523056159782 -2.6798438488874763 -0.15204772403813668 -2.426159859697818 4.281129100027136 4.426061340733711 -3.2188560860483073 -2.8059704548959075 -3.945632166604224 4.708376967084131
0 104 1.6737171142603495 2.754705087023497 -1.885381036181338 -2.5387143305776227 -1.660774075674262 -1.19549750300189 1.5579675597569556 -1.4239370947158885 -1.9296087808476297 -2.2945953825024334 -2.1486935185850413 -1.8217656265266104 -1.1393977364572034 -1.834810860100317 -0.6364950400081374 -1.92487664275671 -1.535589932355482 -0.10566502202466414 -1.4268386518282024 2.4878277332387397 2.3666393345211394 -1.8142767554624544 -1.5337128958671553 -2.2398296095141785 2.7002231620704595
0 105 72.91761209292831 117.62906415798864 -79.70243218445349 -108.04626083021397 -75.40705717520248 -56.49461407945623 66.78119431288725 -64.20762970890465 -86.5806715983794 -96.78354169638669 -92.53157475142586 -76.88007632556413 -45.79230225393312 -76.79713487782526 -30.532679827822367 -82.83793358647331 -66.48094846403765 -2.825319393921395 -61.880220625572555 105.37637196588611 107.75800335884604 -78.78235090021916 -71.03951869677199 -94.94729302003816 117.76518275349055
0 106 32.35045317490666 51.98339001688342 -35.23945809424995 -47.77357380227839 -33.32701483136005 -24.932441510193467 29.59307553774269 -28.406996356399908 -38.16315132050705 -42.68157667858653 -40.87224063915495 -34.05781656595365 -20.32873370867308 -33.8451036157158 -13.506332626353615 -36.659331891534386 -29.332552140377487 -1.2818630383502805 -27.397353940636542 46.552631612121075 47.708808890576364 -34.91332149826331 -31.384350829971204 -41.907262365842904 52.17594369380554
0 107 87.81346035415815 141.6018810886014 -95.85803281959708 -129.82086032437303 -90.6367353968718 -67.91769945927754 80.43035321423801 -77.06662399999249 -104.07406687148 -116.50341776709672 -111.40337486803965 -92.52097672301981 -55.16918013199354 -92.22128615597312 -36.74472418795226 -99.50578935498262 -80.05874711728488 -3.5103394416785423 -74.34049067216608 126.74052935391985 129.73654276183242 -94.75742176337107 -85.40492515268902 -114.22774915291758 141.88384335544953
0 108 48.725571466491516 78.47262667945516 -53.24841994166641 -72.07118893382811 -50.420426938135 -37.76326845128181 44.654358534453785 -42.77326779714178 -57.79444789873651 -64.5931725693066 -61.87032314937761 -51.35625537993899 -30.502762901665143 -51.21565779072019 -20.352419035356032 -55.21733187896827 -44.4631632510046 -1.8361003694722111 -41.26257226311791 70.46364724260536 72.02391813090208 -52.53801885768244 -47.38658988091532 -63.455280996211606 78.73530397311507
0 109 77.46126253329432 124.8127918004723 -84.57673252074538 -114.5976707691219 -80.12061563746896 -60.0003219309807 71.0687966340856 -68.04518788165488 -92.00800544209163 -102.73578809758075 -98.3682367300744 -81.57319038763511 -48.75133291115116 -81.52487730346678 -32.59675377728927 -87.86103063362178 -70.74713165005286 -3.1908302878097166 -65.70032574120756 111.83800488173131 114.44454677725814 -83.66015004809174 -75.36024259565258 -100.84937014543468 125.21600192538872
0 110 39.071157541696905 62.902385954914514 -42.611779157433254 -57.79985065660148 -40.38015440634413 -30.26500617700293 35.708350567094215 -34.27618460067227 -46.17837204333976 -51.808526243970526 -49.490217684884755 -41.09894307365106 -24.370430561857233 -40.965130253706434 -16.29462667548639 -44.17996311239352 -35.63454210018852 -1.5513641848176531 -32.946195582409764 56.40852996094016 57.67972939620986 -42.11047259239064 -37.99820109692711 -50.70856386136762 63.08982294654412
0 111 14.661502004229014 23.756792598262223 -16.082202651991015 -21.646814976874573 -15.16692344640614 -11.298817994334366 13.568661153512071 -12.89996456351323 -17.38583975910014 -19.56553761349054 -18.521332381837727 -15.458143564191246 -9.146764259985224 -15.47032781753593 -6.161950054174202 -16.690688876223934 -13.36016485712326 -0.6210430327684393 -12.455244469933124 21.2148494318548 21.684539795541056 -15.929833715805222 -14.312393647606083 -19.012476958138194 23.862107947491047
0 112 47.027969012210654 75.85448271619683 -51.171882339928615 -69.47049443318544 -48.56342961420985 -36.207262012473215 43.01681530231063 -41.279803838395345 -55.600992720668835 -62.32989121591369 -59.63354554538087 -49.35709022477447 -29.486742820833317 -49.42779819376086 -19.608956867930534 -53.238962015786726 -42.80048412166302 -1.741941615775603 -39.68034423683822 67.85405594868334 69.41320945728008 -50.60158446552145 -45.767773198005976 -61.104391259948386 75.95847418850317
0 113 20.950696424749985 33.56782850160209 -22.751402021860223 -30.693321228667287 -21.495232936474547 -16.0829119488142 19.114805547367386 -18.323976852940255 -24.680437138746843 -27.588366034560565 -26.33336561053116 -21.95275479723601 -12.978569232383903 -21.780605243527244 -8.619769494697923 -23.492767952612596 -18.88379376553064 -0.7492946774005587 -17.54315192676644 30.034906447652677 30.863711592498298 -22.508987027446185 -20.19836337147314 -27.016929850030326 33.65296078052908
0 114 41.873476866554306 67.45555679575877 -45.56200636969968 -61.85803829102305 -43.13855476564359 -32.24523407843346 38.32535518497281 -36.72821004995436 -49.60376987192381 -55.51988111302918 -53.04439534994107 -43.91591919388198 -26.183374425530232 -43.88859089517336 -17.503126856862853 -47.314345860732416 -37.998574736689505 -1.6074750635336619 -35.404895755537495 60.34872001374373 61.85493940124529 -45.120337639665934 -40.6628244236531 -54.40979600729153 67.46784137106519
0 115 25.111712608063083 40.538252926848834 -27.392462635630434 -37.205962444436906 -26.00870166652278 -19.338437338870833 22.93908435030304 -22.062749741993052 -29.87196393837229 -33.36803258407657 -31.960998184834835 -26.43217158234553 -15.822460006380641 -26.355394644997535 -10.572837718044493 -28.509294075506794 -22.976644328004582 -0.899584918858053 -21.26916970477667 36.31219346525154 37.125629562414154 -27.169081010852107 -24.52335997055904 -32.613555967127446 40.67750063081711
0 116 4.96105779741967 7.973102428372949 -5.168211469730072 -7.129179259749199 -5.002499226804055 -3.771024306404271 4.437863048385279 -4.188051611840523 -5.712036217846958 -6.491838735839112 -6.213415950305475 -4.991464683531997 -3.1256688563832657 -5.029337764848285 -1.961209013922346 -5.380411992153348 -4.350788161995906 -0.20897064258615747 -4.171657381734437 7.007346117942277 7.1543053841078885 -5.210608280882566 -4.63195665279928 -6.176959302104072 7.9326558444947315
0 117 13.975828226662195 22.671447346686925 -15.299717679328852 -20.665078692913173 -14.411556481544798 -10.71448828048357 12.794252987996302 -12.3466593089131 -16.529034642736175 -18.58101405704041 -17.63416077552478 -14.617682987716396 -8.814596439929758 -14.76184416315029 -5.811257420401835 -15.910167835495884 -12.67311786456887 -0.5316472007980693 -11.744881825848452 20.233285198240875 20.67503526495029 -15.095094866487942 -13.502596709187982 -18.087823586754517 22.6629850758135
0 118 8.34177558609912 13.36708019531576 -8.917046294517629 -12.073118386475596 -8.51463558060198 -6.269114455446689 7.5607163799792 -7.2315643745133835 -9.79365340301317 -10.96021346201835 -10.389338723095657 -8.550823337442074 -5.1765341784750705 -8.618642491448828 -3.4500003657607023 -9.341690658104751 -7.485797128708105 -0.3150108211913522 -6.861079765956644 12.005867367272824 12.197232731244869 -8.916852908698571 -7.990261515280792 -10.732407990490712 13.289341614178852
0 119 27.136310907236105 43.752303652032325 -29.479558310186487 -40.14555619169401 -27.93696015070633 -20.962735660899618 24.73419142460385 -23.85779979753315 -32.05780939903018 -35.84337344918917 -34.32466477189995 -28.56268833733646 -16.975849962493907 -28.543426137819562 -11.368485888565788 -30.79507057521879 -24.75197703009178 -1.0925323393657838 -22.971339940571305 39.0928270742893 40.09084301151215 -29.22368786325711 -26.25613535404898 -35.260955751423865 43.7037245170297
0 120 37.46631103204224 60.356290472211356 -40.813510564862874 -55.41779479476525 -38.63254327825235 -28.914994397672974 34.205040797315064 -32.93688782025759 -44.333541368136814 -49.603857440024164 -47.415439039403196 -39.41393668517506 -23.382428677744578 -39.37551482152387 -15.555109067036724 -42.41944170462446 -34.16180295916296 -1.3924356747643327 -31.626370695330493 54.06956152867229 55.30167444219148 -40.37651499455868 -36.413588216399255 -48.64547351479702 60.55652207925208
0 121 17.545352202838217 28.23444113351518 -19.007434027709476 -25.828251035107982 -17.960164059230525 -13.369164251733809 16.042042681864547 -15.254384282503247 -20.631426495575983 -23.00068269888843 -22.036938078144832 -18.358672742131574 -10.941394531265006 -18.312644958793395 -7.368562164069151 -19.644281143934062 -15.778138673255127 -0.7760633147685472 -14.836198818927073 25.128730176512764 25.76426595453044 -18.74688614723018 -16.953978804050813 -22.577063623453995 28.273614334255523
0 122 62.039277739241186 99.83501334924887 -67.59732880729482 -91.69334741899911 -63.89186754522039 -47.814836198451594 56.671966661918496 -54.35028084046808 -73.38557458196361 -82.17748618843667 -78.51235186309789 -65.13859221361643 -38.762833695395685 -64.9978902008355 -25.788079270276285 -70.14143776570103 -56.27880033197725 -2.2662266189283353 -52.336894291339625 89.4935830352034 91.5779428797717 -66.75808663692322 -60.25504993753099 -80.61968958843904 100.13618219962626
0 123 27.503482411475535 44.20367298198702 -29.853786261217692 -40.487956335050036 -28.16925068426911 -21.141655372837455 25.00973726403733 -23.928011044864782 -32.479584844195095 -36.32567965498719 -34.59864475908542 -28.846327494305818 -17.00035024604558 -28.69741709960368 -11.424857720903718 -30.94289700416143 -24.96192070367308 -0.9157993734462185 -23.168568880317597 39.60656426218378 40.40740700627941 -29.5563984175564 -26.488633126618662 -35.52164334786204 44.2092440477005
0 124 39.74881848207993 64.00399835720991 -43.17602251169152 -58.62620147152522 -40.934165930019546 -30.592247701850162 36.38520253569063 -34.75751672458872 -46.94062004185481 -52.62577807544321 -50.335688002843725 -41.669163634233364 -24.936512112302236 -41.75416386577142 -16.63597877785249 -44.875239593190905 -36.181669814043325 -1.4958499033882116 -33.50999635539952 57.260508049866765 58.650792048835704 -42.81446994051957 -38.50280090993231 -51.67237886581077 64.1351760714602
0 125 0.3527289241380205 0.36406419589733 -0.29649649454843957 -0.49959870567647163 -0.2767181204428721 -0.32311334738188174 0.21721239800141917 -0.25713491944728994 -0.3327843453192 -0.3804590104668559 -0.3451310343664816 -0.21404491203445733 -0.19080956943782768 -0.3650039961638624 -0.19680550167522326 -0.42434195114933415 -0.18172843230835725 -0.03230148559306178 -0.21157879587481734 0.3357704089666542 0.31391218488069383 -0.29335439339456937 -0.2314735631364707 -0.43748865855144015 0.44013843443398587
0 126 10.101402927777372 16.019642479183148 -11.130199814020502 -15.007327874680303 -10.562868839075655 -7.990867095147252 9.158164381877901 -9.086244386766126 -12.119777283718452 -13.481754791863205 -12.936187313386085 -10.812968790635416 -6.448455943017652 -10.743634767228015 -4.492669643095335 -11.660278114661596 -9.367400432411719 -0.9165350682480552 -8.632805224638027 14.451932394994099 14.768700422832941 -11.069523090394782 -10.017056903113408 -13.34344973528914 15.996508261038095
0 127 1460275.6626435854 2343306.3229324725 -1568134.3815254874 -2130598.582130372 -1484646.5198769663 -1108948.9566051296 1336709.0047429993 -1260992.060803991 -1706265.2496120764 -1909907.1190950882 -1826417.4859381795 -1514518.6549429845 -894993.2183570612 -1510248.588176703 -597837.6495168271 -1630343.9940014554 -1309019.0463649763 -74861.65406709739 -1215734.3546722883 2101446.015915571 2146034.857024142 -1551545.6454088017 -1400188.5784461885 -1873875.8470962138 2346899.13624184
0 128 48.51263930975472 78.1660453403633 -53.09444474263137 -71.85208967384116 -50.20967124396261 -37.61065039073594 44.53301545227446 -42.620159407361875 -57.69784798518526 -64.48788632161128 -61.65706779049889 -51.264690278279424 -30.49760697695356 -51.05012756108321 -20.41989422946864 -55.19865437146153 -44.31857323546243 -2.1347181311593366 -41.14773044054001 70.10434634962911 71.63701548781879 -52.570483613099384 -47.27819639223304 -63.11505728123594 78.35679960558052
0 129 42535.99742138599 68353.13060436431 -47079.77279937208 -63452.03618527827 -44617.4699756112 -33700.29818500253 38937.17016266027 -38100.95876792457 -51082.10228468637 -56962.72701910507 -54491.481799356116 -45464.156996686936 -27492.283516581127 -45425.09741620225 -18555.831913595128 -48922.16770471142 -39491.61100984411 -2218.4959879742714 -36769.498648707995 61198.50952940001 62714.826300433604 -46640.510988510956 -42083.00264211599 -55958.40624254683 68507.56567497665
0 130 73051.39340791058 117295.42509492961 -80153.57530824991 -108148.15754027346 -75946.90436408373 -57285.93433556168 66893.28625662901 -64762.61381821648 -87015.5601925862 -97122.15446814688 -92904.52953146571 -77409.05381494151 -46689.900246396974 -77367.47522079025 -31584.607329265185 -83364.28733214928 -67236.92827645449 -4294.100420903517 -62556.58523364002 105054.18763767858 107617.04906850331 -79456.320593921 -71639.16128281377 -95459.25298327455 117545.14448503456
0 131 -65.82679297012808 -106.06341402675896 71.47671278806801 96.83788072132636 67.63657895684597 50.605392731964194 -60.39869134162893 57.60062754169831 77.5903660536659 86.80874956849276 83.03711046491487 69.03970745899608 41.03015566531569 68.84394280651021 27.401809824666536 74.29492352453755 59.7031437249078 2.5689090387664244 55.56017826935052 -94.98591664078491 -97.33902678535678 70.74003821988025 63.70884401469501 85.21737776072612 -106.4099047111649
0 132 -120.60628104213096 -194.01123314890023 131.63267768246416 177.74990213112898 124.5472662984684 93.62014219005773 -110.3481980962877 106.24190206929799 142.89148964730995 159.58286423410976 152.6807666780877 127.14527946998274 76.09512668854755 126.90720805667743 51.205370556936586 136.97494756939133 110.12870294443708 6.164410492977078 102.59716049485975 -173.61118250220693 -177.965264689725 130.35335280984629 117.58820174554693 157.03490982126795 -194.4287291073241
0 133 28239.364813687564 45326.06222853617 -30710.163590606826 -41563.96209467123 -29102.188232720204 -21861.309059086085 25830.355203963816 -24781.640878946564 -33351.54273496153 -37278.074321041095 -35668.36630867362 -29615.88974627867 -17794.659705386584 -29582.311273812495 -11954.58691567058 -31894.126748445142 -25698.94343671148 -1541.1662630113465 -23909.962843570334 40648.105158719176 41601.76483937692 -30375.85963019645 -27436.582965173584 -36562.384400867704 45436.49775258473
0 134 -7001.512680405606 -11261.514513034579 5804.331344015894 7927.5466903261495 5486.011904869781 4088.220814098115 -6391.711462784493 4643.143709242757 6322.1296342452415 7085.056214771856 6770.350242506692 5607.851141925956 3286.328409138224 5586.832861563736 2169.972411563244 6042.57507423695 4826.1610142592635 127.07551784343678 4481.1041511104495 -10111.61504590838 -10302.737716185824 5744.975012209219 5175.84082414978 6968.676498653852 -11276.74795764822
0 135 1809483.4049431223 2895112.557283808 -1978406.1948019986 -2664003.4136970583 -1874842.7447385588 -1416032.274236914 1657579.1428567918 -1600724.9899841195 -2146167.1823388105 -2392619.269999468 -2290428.4468747065 -1914695.9390268498 -1155637.550369733 -1908636.82717935 -784425.7276530241 -2058932.0613355585 -1660628.494714089 -113830.35559119521 -1549720.6538606414 2593930.54168505 2654318.374663682 -1960606.6191156856 -1772089.126381249 -2357232.598056529 2899437.284631841
0 136 0.011658343692890568 0.02653839272839604 0.04654265897894048 -0.04796739043842396 0.08325896242738207 -0.0795429643637734 -0.022351868955585413 -0.044773583926994785 -0.034794691201982614 -0.0022950151360071266 -0.06014367210401018 -0.06264871121951782 0.008016075672336198 0.009308596057682424 0.08622987092156906 -0.09064656811449524 0.08922093549151487 -0.033891665546324924 -0.04733716311844697 0.03940501868779406 0.04370767000571473 0.037173890218724824 0.04766437028233312 -0.06771833920259406 0.010900791567603348 0.04210354846349852
1 0 0.10938036895069164
1 1 0.20430147412772198
1 2 -0.06710880151806421
1 3 -0.08794638788785893
1 4 -0.0670865651274409
1 5 -0.06471166722473433
1 6 0.08276722542316722
1 7 -0.0654305137953735
1 8 -0.06885161593706085
1 9 -0.07733339140333952
1 10 -0.07351090140547158
1 11 -0.06291262079610348
1 12 -0.055340053265342574
1 13 -0.07520335222015147
1 14 -0.014035325521926007
1 15 -0.07073319159599988
1 16 -0.07171526433701968
1 17 -0.008546804499486122
1 18 -0.06441403514845466
1 19 0.1669272576553965
1 20 0.20786681648926786
1 21 -0.07328794479755728
1 22 -0.07320740043923288
1 23 -0.07706369176191762
1 24 0.21899815025344513
